c Redmond to Seattle
  inode  jnode    @corr7    result
  70336  70635         2         2
  70635  70336         1         1
  70635  70696         2         2
  70696  71659         2         2
  70704  70635         1         1
  71659  72127         2         2
  72127 184986         2         2
  72224 184987         1         1
  72237 184121         2         2
  72437 184103         2         2
  72600  72224         1         1
  75144 183981         2         2
  76572 186141         2         2
  76593  76572         2         2
  76611 184102         1         1
  76619  76611         1         1
  76829 184617         1         1
  76864  77174         2         2
  77002  76829         1         1
  77174 184147         2         2
  77407 184069         2         2
  77452  77644         1         1
  77644 184037         1         1
  77858  77452         1         1
  77926 183931         1         1
  77998 183904         2         2
  78191  77926         1         1
  78214  79587         1         1
  78744 184039         2         2
  78757  78191         1         1
  78764 184158         2         2
  78961 198186         2         2
  79293 184144         1         1
  79371  79802         2         2
  79407  78744         2         2
  79587  80293         1         1
  79802  80373         2         2
  79805  78757         1         1
  80114  79407         2         2
  80202 198181         1         1
  80223  80114         2         2
  80273 183998         2         2
  80293  80358         1         1
  80358  80370         1         1
  80370  80459         1         1
  80373  80972         2         2
  80419  80273         2         2
  80459 198573         1         1
  80559 183948         2         2
  80563  80202         1         1
  80972  82235         2         2
  82235 184574         2         2
  82820 185046         1         1
  83007  82820         1         1
  83245  83007         1         1
  83285  83919         2         2
  83781  83245         1         1
  83919  84695         2         2
  83985  83781         1         1
  84423  83985         1         1
  84545  84423         1         1
  84695  84829         2         2
  84760  84545         1         1
  84829 185062         2         2
  85417  84760         1         1
  85548  85417         1         1
 183904  77407         2         2
 183909 186135         1         1
 183914  70704         1         1
 183924  78961         2         2
 183926  79371         2         2
 183931  77002         1         1
 183944  80563         1         1
 183947 184604         2         2
 183948 183947         2         2
 183981 183924         2         2
 183998  80223         2         2
 184037 184043         1         1
 184039  77998         2         2
 184043  78214         1         1
 184069 186137         2         2
 184077 185826         2         2
 184102 185828         1         1
 184103  75144         2         2
 184106  72600         1         1
 184116 184173         1         1
 184120  72437         2         2
 184121 184120         2         2
 184144 198311         1         1
 184147 183926         2         2
 184158  76593         2         2
 184173 183914         1         1
 184176 184106         1         1
 184574  83285         2         2
 184604  80419         2         2
 184617  76619         1         1
 184625 184077         2         2
 184986  72237         2         2
 184987 184116         1         1
 185046  79805         1         1
 185062  85583         2         2
 185826  78764         2         2
 185828 183909         1         1
 186135 186136         1         1
 186136  77858         1         1
 186137 186138         2         2
 186138 184625         2         2
 186141  76864         2         2
 198181  79293         1         1
 198186  80559         2         2
 198311 184176         1         1
 198573 183944         1         1
