c Everett to Seattle Travel Time Corridor
  inode  jnode    @corr2    result
  21740  22006         2         2
  22006  22316         2         2
  22029  21702         1         1
  22316  22497         2         2
  22496  22029         1         1
  22497  22709         2         2
  22709 185683         2         2
  22723  22496         1         1
  23080  22723         1         1
  25996  26559         2         2
  26019 186908         1         1
  26559  27059         2         2
  26627  26019         1         1
  27031  26627         1         1
  27059  28018         2         2
  28018 185686         2         2
  29730 185687         1         1
  29742  31128         2         2
  31128  31507         2         2
  31159  29730         1         1
  31507  31745         2         2
  31514  31159         1         1
  31745  36366         2         2
  36366 183832         2         2
  36383 198193         1         1
  37388  39415         2         2
  37540 183823         1         1
  39415  40131         2         2
  39796 183780         1         1
  40122  39796         1         1
  40131  40399         2         2
  40399  41458         2         2
  40480  40122         1         1
  41430  40480         1         1
  41458 184394         2         2
  43553 184397         2         2
  43681 184395         1         1
  45470  43681         1         1
  45700  46778         2         2
  46750  45470         1         1
  46778  49717         2         2
  49469  46750         1         1
  49717  49902         2         2
  49902  50297         2         2
  50297  50899         2         2
  50443  49469         1         1
  50899  54192         2         2
  51481  50443         1         1
  52615  51481         1         1
  54055  52615         1         1
  54192  54773         2         2
  54773  55385         2         2
  54872  54055         1         1
  55385  55705         2         2
  55705  56399         2         2
  55711  54872         1         1
  56399  57783         2         2
  57486  55711         1         1
  57783  58936         2         2
  58907  57486         1         1
  58936  59143         2         2
  59143  60280         2         2
  59228  58907         1         1
  60280  60943         2         2
  60319  59228         1         1
  60943  62182         2         2
  60978  60319         1         1
  62100  60978         1         1
  62182  63022         2         2
  62463  62100         1         1
  63022  63452         2         2
  63027  62463         1         1
  63452  63914         2         2
  63732  63027         1         1
  63911  63732         1         1
  63914  64347         2         2
  64347  65669         2         2
  64456  63911         1         1
  65669  67152         2         2
  66037  64456         1         1
  66500  66037         1         1
  67152  67882         2         2
  67479  66500         1         1
  67882  67988         2         2
  67987  67479         1         1
  67988  69044         2         2
  68072  67987         1         1
  69044  70368         2         2
  69125  68072         1         1
  70368  70814         2         2
  70374  69125         1         1
  70814 183887         2         2
  70850  70374         1         1
  71302  70850         1         1
  72154  71302         1         1
  74046  72154         1         1
  74083  75013         2         2
  74995  74046         1         1
  75013  75101         2         2
  75101  76226         2         2
  75102  74995         1         1
  75978  75102         1         1
  76226 183926         2         2
  76753  75978         1         1
  78191  76753         1         1
  78757  78191         1         1
  79371  79802         2         2
  79802  80373         2         2
  79805  78757         1         1
  80373  80972         2         2
  80972  82235         2         2
  82235 184574         2         2
  82820 185046         1         1
  83007  82820         1         1
  83245  83007         1         1
  83285  83919         2         2
  83781  83245         1         1
  83919  84695         2         2
  83985  83781         1         1
  84423  83985         1         1
  84545  84423         1         1
  84695  84829         2         2
  84760  84545         1         1
  84829 185062         2         2
  85417  84760         1         1
  85548  85417         1         1
 183780  37540         1         1
 183823 183866         1         1
 183832  37388         2         2
 183887 184828         2         2
 183926  79371         2         2
 184394  43553         2         2
 184395 184827         1         1
 184397  45700         2         2
 184574  83285         2         2
 184826  41430         1         1
 184827 184826         1         1
 184828  74083         2         2
 185014  27031         1         1
 185046  79805         1         1
 185062  85583         2         2
 185683 186906         2         2
 185686  29742         2         2
 185687 185014         1         1
 186905  25996         2         2
 186906 186905         2         2
 186908  23080         1         1
 198192  21740         2         2
 198193  31514         1         1
