c Bellevue to Seattle via I-90
  inode  jnode    @cor11    result
  84048 185690         2         2
  84315 185692         1         1
  85583  86034         1         1
  85771  86593         2         2
  85859  85548         2         2
  85887 185691         1         1
  86034  86791         1         1
  86475  85859         2         2
  86593  87670         2         2
  86791  86875         1         1
  86838  86475         2         2
  86875  87450         1         1
  87450 184296         1         1
  87590 184253         1         1
  87616  86838         2         2
  87670  90173         2         2
  88118 184290         2         2
  88562 184190         1         1
  88895  88118         2         2
  88992  88895         2         2
  89017  89337         2         2
  89072  89381         1         1
  89091  89652         1         1
  89098  88992         2         2
  89337  89098         2         2
  89381  89091         1         1
  89645  89017         2         2
  89652  90513         1         1
  90173  91077         2         2
  90513  92204         1         1
  91077 184252         2         2
  91725 184458         2         2
  91976 184210         2         2
  92109 184872         2         2
  92204 185805         1         1
  92408 184228         1         1
 184186  88562         1         1
 184187 184186         1         1
 184190 184191         1         1
 184191  89072         1         1
 184203  92109         2         2
 184205 184206         1         1
 184206 184477         1         1
 184210 186911         2         2
 184228 184505         1         1
 184248  91976         2         2
 184251 184248         2         2
 184252 184251         2         2
 184253  85887         1         1
 184290  87616         2         2
 184296 184187         1         1
 184458 184203         2         2
 184477 184523         1         1
 184505 184205         1         1
 184523 184627         1         1
 184627  87590         1         1
 184872 186910         2         2
 185690  85771         2         2
 185691  84315         1         1
 185805  92408         1         1
 186910  89645         2         2
 186911  91725         2         2
