c Tukwila to Bellevue
  inode  jnode    @corr5    result
  84048 185690         2         2
  84315 185692         1         1
  85771  86593         2         2
  85887 185691         1         1
  86593  87670         2         2
  87590 184253         1         1
  87670  90173         2         2
  90173  91658         2         2
  91658 184475         2         2
  94516  95852         2         2
  95079 184473         1         1
  95823  95079         1         1
  95852  97728         2         2
  97531  95823         1         1
  97728  98432         2         2
  98432 102685         2         2
  98611  97531         1         1
 102685 103654         2         2
 103035  98611         1         1
 103654 105525         2         2
 103725 103035         1         1
 105522 103725         1         1
 105525 106026         2         2
 106025 105522         1         1
 106026 108032         2         2
 108032 109142         2         2
 109033 184263         1         1
 109142 184264         2         2
 109771 109033         1         1
 111370 109771         1         1
 111589 111370         1         1
 111824 112257         2         2
 111832 111589         1         1
 112257 112386         2         2
 112274 111832         1         1
 112386 114041         2         2
 112395 112274         1         1
 114041 184267         2         2
 114076 112395         1         1
 114151 114076         1         1
 114358 186494         1         1
 114369 114386         2         2
 114386 114906         2         2
 114406 114409         1         1
 114409 184271         1         1
 114906 115027         2         2
 114982 186303         2         2
 115022 184274         1         1
 115027 114982         2         2
 115037 115246         1         1
 115202 115037         1         1
 115246 115022         1         1
 183711 186468         2         2
 183804 114358         1         1
 184253  85887         1         1
 184263 106025         1         1
 184264 111824         2         2
 184267 183711         2         2
 184271 183804         1         1
 184274 114406         1         1
 184473 184525         1         1
 184475  94516         2         2
 184525 184627         1         1
 184627  87590         1         1
 185690  85771         2         2
 185691  84315         1         1
 186468 114369         2         2
 186494 114151         1         1
