c Lynnwood to Bellevue
  inode  jnode    @corr4    result
  40066  40308         2         2
  40267  40007         1         1
  40308 184839         2         2
  41429  40267         1         1
  41471  42013         2         2
  42013  47082         2         2
  47057 186111         1         1
  47082  47361         2         2
  47359  47057         1         1
  47361  47622         2         2
  47622  52019         2         2
  47662  47359         1         1
  52010 183764         1         1
  52019  52723         2         2
  52723  53641         2         2
  53559  52010         1         1
  53641  54342         2         2
  54256 187217         1         1
  54330  54256         1         1
  54342  54891         2         2
  54368  54330         1         1
  54880  54368         1         1
  54891 187229         2         2
  56679  54880         1         1
  56819  57322         2         2
  57205  56679         1         1
  57322 183632         2         2
  62381 186043         2         2
  62522 183635         1         1
  63146  62522         1         1
  63253  63146         1         1
  63693  64740         2         2
  63719  63253         1         1
  64219  63719         1         1
  64668  64219         1         1
  64740  67996         2         2
  67996  70353         2         2
  68244  64668         1         1
  70353  71089         2         2
  70434  68244         1         1
  70645  70434         1         1
  71089  71272         2         2
  71272  72618         2         2
  72618 184140         2         2
  72623  70645         1         1
  80113 183927         2         2
  81571 184006         1         1
  82617  84048         2         2
  83422  81571         1         1
 183632  62381         2         2
 183635 186044         1         1
 183764  47662         1         1
 183927  82617         2         2
 184006 184142         1         1
 184140  80113         2         2
 184142  72623         1         1
 184839  41471         2         2
 185692  83422         1         1
 186043  63693         2         2
 186044  57205         1         1
 186111  41429         1         1
 187217  53559         1         1
 187229  56819         2         2
