c Issaquah to Seattle
  inode  jnode    @cor12    result
  85583  86034         1         1
  85859  85548         2         2
  86034  86791         1         1
  86475  85859         2         2
  86791  86875         1         1
  86838  86475         2         2
  86875  87450         1         1
  87450 184296         1         1
  87616  86838         2         2
  88118 184290         2         2
  88562 184190         1         1
  88895  88118         2         2
  88992  88895         2         2
  89017  89337         2         2
  89072  89381         1         1
  89091  89652         1         1
  89098  88992         2         2
  89337  89098         2         2
  89381  89091         1         1
  89645  89017         2         2
  89652  90513         1         1
  90513  92204         1         1
  91716 184208         2         2
  91725 184458         2         2
  91762  91716         2         2
  91843 184259         1         1
  91963  91843         1         1
  91976 184210         2         2
  92109 184872         2         2
  92204 185805         1         1
  92408 184228         1         1
  92417 184352         1         1
  93004 185170         2         2
  95797  93004         2         2
  95974 184922         1         1
  96448  95797         2         2
  99727  96448         2         2
 184186  88562         1         1
 184187 184186         1         1
 184190 184191         1         1
 184191  89072         1         1
 184203  92109         2         2
 184208  91976         2         2
 184210 186911         2         2
 184228 184505         1         1
 184259 184350         1         1
 184290  87616         2         2
 184296 184187         1         1
 184348  91762         2         2
 184349 184348         2         2
 184350  92417         1         1
 184352  95974         1         1
 184458 184203         2         2
 184505  91963         1         1
 184872 186910         2         2
 184922  99586         1         1
 185170 184349         2         2
 185805  92408         1         1
 186910  89645         2         2
 186911  91725         2         2
