c Arterial Travel Time Corridors
  inode  jnode     @corr    @corr1
   5282   7069        76        76
   6812   6954        77        77
   6910   6911        78        78
   6910   6912        77        77
   6911   6910        77        77
   6911   6986        78        78
   6912   6910        78        78
   6912   6913        77        77
   6913   6912        78        78
   6913   6914        77        77
   6914   6913        78        78
   6914   6918        77        77
   6918   6914        78        78
   6954   6812        78        78
   6954   7000        77        77
   6986   6911        77        77
   6986   7028        78        78
   7000   6954        78        78
   7000   7050        77        77
   7028   6986        77        77
   7028   7050        78        78
   7050   7000        78        78
   7050   7028        77        77
   7069   5282        75        75
   7069   7263        76        76
   7263   7069        75        75
   7263   7401        76        76
   7401   7263        75        75
   7401   7799        76        76
   7799   7401        75        75
   7799   7941        76        76
   7941   7799        75        75
   7941   8294        76        76
   8293   8294        75        75
   8293   8366        76        76
   8294   7941        75        75
   8294   8293        76        76
   8351   8357        75        75
   8351   8810        76        76
   8357   8351        76        76
   8357   8359        75        75
   8359   8357        76        76
   8359   8361        75        75
   8361   8359        76        76
   8361   8363        75        75
   8363   8361        76        76
   8363   8366        75        75
   8366   8293        75        75
   8366   8363        76        76
   8778   8784        76        76
   8778   8815        75        75
   8784   8778        75        75
   8784   8793        76        76
   8793   8784        75        75
   8793   8795        76        76
   8795   8793        75        75
   8795   8797        76        76
   8797   8795        75        75
   8810   8351        75        75
   8810   8815        76        76
   8815   8778        76        76
   8815   8810        75        75
  10676  11377        64        64
  11377  10676        63        63
  11377  13219        64        64
  13219  11377        63        63
  13219  13895        64        64
  13895  13219        63        63
  13895  15326        64        64
  14951  15260        74        74
  15260  14951        73        73
  15260  15446        74        74
  15326  13895        63        63
  15326  16882        64        64
  15446  15260        73        73
  15446  15587        74        74
  15498  15681        43        43
  15587  15446        73        73
  15587  15879        74        74
  15681  15498        44        44
  15681  15772        43        43
  15772  15681        44        44
  15772  16691        43        43
  15879  15587        73        73
  15879  16186        74        74
  16186  15879        73        73
  16186  16433        74        74
  16433  16186        73        73
  16433  16565        74        74
  16565  16433        73        73
  16565  16658        74        74
  16604  16608        44        44
  16604  16751        43        43
  16608  16604        43        43
  16608  16739        44        44
  16658  16565        73        73
  16658  16724        74        74
  16691  15772        44        44
  16691  17701        43        43
  16724  16658        73        73
  16724  16964        74        74
  16739  16608        43        43
  16739  16790        44        44
  16751  16604        44        44
  16751  16938        43        43
  16790  16739        43        43
  16790  16831        44        44
  16831  16790        43        43
  16831  17554        44        44
  16882  15326        63        63
  16882  17175        64        64
  16938  16751        44        44
  16938  16941        43        43
  16941  16938        44        44
  16941  16944        43        43
  16944  16941        44        44
  16944  16945        43        43
  16945  16944        44        44
  16945  16946        43        43
  16946  16945        44        44
  16946  16947        43        43
  16947  16946        44        44
  16947  16950        43        43
  16950  16947        44        44
  16950  16951        43        43
  16951  16950        44        44
  16951  16955        43        43
  16955  16951        44        44
  16955  16964        43        43
  16964  16724        73        73
  16964  16955        44        44
  16964  17056        74        74
  17056  16964        73        73
  17056  17122        74        74
  17122  17056        73        73
  17122  17220        74        74
  17175  16882        63        63
  17175  17903        64        64
  17220  17122        73        73
  17220  17331        74        74
  17331  17220        73        73
  17331  17453        74        74
  17453  17331        73        73
  17453 198774        74        74
  17515  17648        74        74
  17554  16831        43        43
  17554  17699        44        44
  17639 198775        73        73
  17648 198072        74        74
  17699  17554        43        43
  17699  17701        44        44
  17701  16691        44        44
  17701  17699        43        43
  17876 198069        73        73
  17878 198067        74        74
  17903  17175        63        63
  17903  18196        64        64
  18018  18390        74        74
  18027 198068        73        73
  18196  17903        63        63
  18196  18515        64        64
  18390 198066        74        74
  18406  18027        73        73
  18515  18196        63        63
  18515  19044        64        64
  19044  18515        63        63
  19044  19735        64        64
  19076  19098        74        74
  19076 184650        73        73
  19098  19076        73        73
  19098  19117        74        74
  19117  19098        73        73
  19117  19166        74        74
  19166  19117        73        73
  19166  19181        74        74
  19181  19166        73        73
  19181  19222        74        74
  19222  19181        73        73
  19222  19339        74        74
  19339  19222        73        73
  19339  19353        74        74
  19353  19339        73        73
  19353  19392        74        74
  19392  19353        73        73
  19392  19462        74        74
  19462  19392        73        73
  19462  19536        74        74
  19536  19462        73        73
  19536  19587        74        74
  19587  19536        73        73
  19587  19607        74        74
  19607  19587        73        73
  19607  19709        74        74
  19709  19607        73        73
  19709  19752        74        74
  19735  19044        63        63
  19735  19877        64        64
  19752  19709        73        73
  19752  19828        74        74
  19828  19752        73        73
  19828  19908        74        74
  19877  19735        63        63
  19877  19976        64        64
  19908  19828        73        73
  19908  20078        74        74
  19976  19877        63        63
  19976  20054        64        64
  20054  19976        63        63
  20054  20132        64        64
  20078  19908        73        73
  20078  20168        74        74
  20132  20054        63        63
  20132  20498        64        64
  20168  20078        73        73
  20168  20279        74        74
  20279  20168        73        73
  20279  20402        74        74
  20402  20279        73        73
  20402  20638        74        74
  20498  20132        63        63
  20498  21763        64        64
  20638  20402        73        73
  20638  20818        74        74
  20818  20638        73        73
  20818  21023        74        74
  21023  20818        73        73
  21023  21139        74        74
  21139  21023        73        73
  21139  21252        74        74
  21252  21139        73        73
  21252  21384        74        74
  21384  21252        73        73
  21384  21519        74        74
  21519  21384        73        73
  21519  21626        74        74
  21626  21519        73        73
  21626  21792        74        74
  21705  21715         5         5
  21715  21705         6         6
  21715  21726         5         5
  21726  21715         6         6
  21726  21734         5         5
  21734  21726         6         6
  21734  21738         5         5
  21738  21734         6         6
  21738  21742         5         5
  21742  21738         6         6
  21742  21752         5         5
  21752  21742         6         6
  21752  21763         5         5
  21763  20498        63        63
  21763  21752         6         6
  21763  22068        64        64
  21792  21626        73        73
  21792  22012        74        74
  22012  21792        73        73
  22012  22107        74        74
  22068  21763        63        63
  22068  22522        64        64
  22107  22012        73        73
  22107  22176        74        74
  22176  22107        73        73
  22176  22261        74        74
  22261  22176        73        73
  22261  22359        74        74
  22359  22261        73        73
  22359  22498        74        74
  22498  22359        73        73
  22498  22579        74        74
  22522  22068        63        63
  22522  23701        64        64
  23701  22522        63        63
  23701  23892        64        64
  23892  23701        63        63
  23892  24481        64        64
  24481  23892        63        63
  24481  25512        64        64
  25512  24481        63        63
  25512  25675        64        64
  25675  25512        63        63
  25675  25713        64        64
  25713  25675        63        63
  25713  27590        64        64
  26690  26769        25        25
  26769  26690        26        26
  26769  26998        25        25
  26998  26769        26        26
  26998  27195        25        25
  27195  26998        26        26
  27195  27330        25        25
  27330  27195        26        26
  27330  27636        25        25
  27590  25713        63        63
  27590  27948        64        64
  27636  27330        26        26
  27636  27818        25        25
  27818  27636        26        26
  27818  27987        25        25
  27821  28149        30        30
  27948  27590        63        63
  27948  28037        64        64
  27987  27818        26        26
  27987  28440        25        25
  28037  27948        63        63
  28037  28576        64        64
  28149  27821        29        29
  28149  28546        30        30
  28440  27987        26        26
  28440  29034        25        25
  28546  28149        29        29
  28546  29033        30        30
  28576  28037        63        63
  28576  28780        64        64
  28780  28576        63        63
  28780  29559        64        64
  29033  28546        29        29
  29033  29199        30        30
  29034  28440        26        26
  29034  29445        25        25
  29199  29033        29        29
  29199  29534        30        30
  29445  29034        26        26
  29445  29644        25        25
  29534  29199        29        29
  29534  29633        30        30
  29559  28780        63        63
  29559  32003        64        64
  29633  29534        29        29
  29633  29775        30        30
  29644  29445        26        26
  29644  30080        25        25
  29775  29633        29        29
  29775  29979        30        30
  29979  29775        29        29
  29979  30177        30        30
  30080  29644        26        26
  30080  30439        25        25
  30177  29979        29        29
  30177  30405        30        30
  30388  31032        26        26
  30388  31467        25        25
  30405  30177        29        29
  30405  30716        30        30
  30439  30080        26        26
  30439  31014        25        25
  30716  30405        29        29
  30716  30932        30        30
  30932  30716        29        29
  30932  31030        30        30
  31014  30439        26        26
  31014  31303        25        25
  31030  30932        29        29
  31030  31839        30        30
  31032  30388        25        25
  31032  31227        26        26
  31227  31032        25        25
  31227  31715        26        26
  31303  31014        26        26
  31303  31315        25        25
  31315  31303        26        26
  31315  31320        25        25
  31320  31315        26        26
  31320  31338        25        25
  31323  31333        26        26
  31323 186265        25        25
  31326  31333        25        25
  31326 185438        26        26
  31333  31323        25        25
  31333  31326        26        26
  31338  31320        26        26
  31338 185438        25        25
  31339  31340        25        25
  31339 186265        26        26
  31340  31339        26        26
  31340  31344        25        25
  31344  31340        26        26
  31344 186298        25        25
  31467  30388        26        26
  31467  31680        25        25
  31533  31706        25        25
  31533 186298        26        26
  31680  31467        26        26
  31680  32003        25        25
  31706  31533        26        26
  31706  31829        25        25
  31715  31227        25        25
  31715  31957        26        26
  31829  31706        26        26
  31829  31837        25        25
  31837  31829        26        26
  31837  31839        25        25
  31839  31030        29        29
  31839  31837        26        26
  31839  31855        25        25
  31839  31961        30        30
  31855  31839        26        26
  31855  31856        25        25
  31856  31855        26        26
  31856  31869        25        25
  31869  31856        26        26
  31869  31882        25        25
  31882  31869        26        26
  31882  31905        25        25
  31905  31882        26        26
  31905  31916        25        25
  31916  31905        26        26
  31916  31928        25        25
  31928  31916        26        26
  31928  31957        25        25
  31957  31715        25        25
  31957  31928        26        26
  31961  31839        29        29
  31961  32014        30        30
  32003  29559        63        63
  32003  31680        26        26
  32003  33679        64        64
  32014  31961        29        29
  32014  32391        30        30
  32391  32014        29        29
  32391  32605        30        30
  32605  32391        29        29
  32605  32814        30        30
  32814  32605        29        29
  32814  32904        30        30
  32904  32814        29        29
  32904  33428        30        30
  33428  32904        29        29
  33428  33826        30        30
  33679  32003        63        63
  33679  34171        64        64
  33826  33428        29        29
  33826  34679        30        30
  34171  33679        63        63
  34171  36161        64        64
  34679  33826        29        29
  34679  35088        30        30
  35088  34679        29        29
  35088  35871        30        30
  35871  35088        29        29
  35871  36088        30        30
  36088  35871        29        29
  36088  36918        30        30
  36161  34171        63        63
  36161  36524        64        64
  36524  36161        63        63
  36524  37521        64        64
  36668  36791        19        19
  36791  36668        20        20
  36791  36810        19        19
  36810  36791        20        20
  36810  36821        19        19
  36821  36810        20        20
  36821  36840        19        19
  36840  36821        20        20
  36840  36846        19        19
  36846  36840        20        20
  36846  36868        19        19
  36868  36846        20        20
  36868  36881        19        19
  36881  36868        20        20
  36881  36888        19        19
  36888  36881        20        20
  36888  36898        19        19
  36898  36888        20        20
  36898  36912        19        19
  36912  36898        20        20
  36912  36919        19        19
  36918  36088        29        29
  36918  37090        30        30
  36919  36912        20        20
  36919  36928        19        19
  36928  36919        20        20
  36928 183822        19        19
  36934  36939        19        19
  36934 183822        20        20
  36939  36934        20        20
  36939  36945        19        19
  36945  36939        20        20
  36945 185439        19        19
  36953  36961        19        19
  36953 185439        20        20
  36961  36953        20        20
  36961  36977        19        19
  36977  36961        20        20
  36977  37003        19        19
  37003  36977        20        20
  37003  37020        19        19
  37020  37003        20        20
  37020  37044        19        19
  37044  37020        20        20
  37044  37075        19        19
  37075  37044        20        20
  37075  37089        19        19
  37089  37075        20        20
  37089  37109        19        19
  37090  36918        29        29
  37090  37115        20        20
  37090  38934        30        30
  37109  37089        20        20
  37109  37115        19        19
  37115  37090        19        19
  37115  37109        20        20
  37521  36524        63        63
  37521  38122        64        64
  38122  37521        63        63
  38122  38720        64        64
  38720  38122        63        63
  38720  38826        64        64
  38826  38720        63        63
  38826  39287        64        64
  38934  37090        29        29
  38934  39589        30        30
  39287  38826        63        63
  39287  39901        64        64
  39589  38934        29        29
  39589  40115        30        30
  39901  39287        63        63
  39901  41177        64        64
  40115  39589        29        29
  40115  40575        30        30
  40575  40115        29        29
  40575  41850        30        30
  41177  39901        63        63
  41177  41529        64        64
  41529  41177        63        63
  41529  43446        64        64
  41562  41585        23        23
  41585  41562        24        24
  41585  41586        23        23
  41586  41585        24        24
  41586  41610        23        23
  41610  41586        24        24
  41610  41611        23        23
  41611  41610        24        24
  41611  41617        23        23
  41617  41611        24        24
  41617  41621        23        23
  41621  41617        24        24
  41621  41631        23        23
  41631  41621        24        24
  41631  41635        23        23
  41635  41631        24        24
  41635  41656        23        23
  41656  41635        24        24
  41656  41663        23        23
  41663  41656        24        24
  41663  41682        23        23
  41682  41663        24        24
  41682  41684        23        23
  41684  41682        24        24
  41684  41693        23        23
  41693  41684        24        24
  41693  41702        23        23
  41702  41693        24        24
  41702  41716        23        23
  41716  41702        24        24
  41716  41725        23        23
  41725  41716        24        24
  41725  41731        23        23
  41731  41725        24        24
  41731  41739        23        23
  41739  41731        24        24
  41739  41746        23        23
  41746  41739        24        24
  41746  41765        23        23
  41765  41746        24        24
  41765  41767        23        23
  41767  41765        24        24
  41767  41769        23        23
  41769  41767        24        24
  41769  41781        23        23
  41781  41769        24        24
  41781  41797        23        23
  41797  41781        24        24
  41797  41802        23        23
  41802  41797        24        24
  41802  41803        23        23
  41803  41802        24        24
  41803  41810        23        23
  41810  41803        24        24
  41810  41813        23        23
  41813  41810        24        24
  41813  41828        23        23
  41828  41813        24        24
  41828  41831        23        23
  41831  41828        24        24
  41831  41836        23        23
  41836  41831        24        24
  41836 184849        23        23
  41850  40575        29        29
  41850  42106        30        30
  41851  41855        23        23
  41851 184849        24        24
  41855  41851        24        24
  41855  41866        23        23
  41866  41855        24        24
  41866  41871        23        23
  41871  41866        24        24
  41871  41889        23        23
  41889  41871        24        24
  42106  41850        29        29
  42106  42744        30        30
  42744  42106        29        29
  42744  43181        30        30
  43181  42744        29        29
  43181  44346        30        30
  43446  41529        63        63
  43446  44752        64        64
  44346  43181        29        29
  44346  45193        30        30
  44752  43446        63        63
  44752  45492        64        64
  45193  44346        29        29
  45193  45504        30        30
  45492  44752        63        63
  45492  47698        64        64
  45504  45193        29        29
  45504  46676        30        30
  46676  45504        29        29
  46676  47150        30        30
  47150  46676        29        29
  47150  47216        30        30
  47216  47150        29        29
  47216  47503        30        30
  47503  47216        29        29
  47503  47575        30        30
  47575  47503        29        29
  47575  48086        30        30
  47698  45492        63        63
  47698  48260        64        64
  48086  47575        29        29
  48086  48333        30        30
  48260  47698        63        63
  48260  48415        64        64
  48333  48086        29        29
  48333  48949        30        30
  48415  48260        63        63
  48415  48638        64        64
  48638  48415        63        63
  48638  49164        64        64
  48949  48333        29        29
  48949  49071        30        30
  49071  48949        29        29
  49071  49370        30        30
  49164  48638        63        63
  49164  49347        64        64
  49347  49164        63        63
  49347  49647        64        64
  49370  49071        29        29
  49370  50118        30        30
  49647  49347        63        63
  50118  49370        29        29
  50118  52259        30        30
  51154  51187        12        12
  51187  51154        11        11
  51187  51428        12        12
  51428  51187        11        11
  51428  52072        12        12
  52072  51428        11        11
  52072  52738        12        12
  52259  50118        29        29
  52259  52899        30        30
  52738  52072        11        11
  52738  53422        12        12
  52899  52259        29        29
  52899  53275        30        30
  53198  53334        69        69
  53198 185411        70        70
  53275  52899        29        29
  53275  53522        30        30
  53334  53198        70        70
  53334  53998        69        69
  53422  52738        11        11
  53422  53689        12        12
  53522  53275        29        29
  53522  53604        30        30
  53604  53522        29        29
  53604  53653        30        30
  53653  53604        29        29
  53653  53824        30        30
  53689  53422        11        11
  53689  53837        12        12
  53824  53653        29        29
  53824  53986        30        30
  53837  53689        11        11
  53837  53895        12        12
  53895  53837        11        11
  53895  53973        12        12
  53973  53895        11        11
  53973  54170        12        12
  53986  53824        29        29
  53986  54014        55        55
  53986  54136        56        56
  53998  53334        70        70
  53998  54355        69        69
  54014  53986        56        56
  54014  54090        55        55
  54090  54014        56        56
  54090  54132        55        55
  54117  54133        56        56
  54117  54134        55        55
  54132  54090        56        56
  54132  54143        55        55
  54133  54117        55        55
  54133  54141        56        56
  54134  54117        56        56
  54134  54170        55        55
  54136  53986        55        55
  54136  54266        56        56
  54141  54133        55        55
  54141  54150        56        56
  54143  54132        56        56
  54143  54246        55        55
  54150  54141        55        55
  54150  54346        56        56
  54170  53973        11        11
  54170  54134        56        56
  54170  54333        12        12
  54170  54377        55        55
  54246  54143        56        56
  54246  54304        55        55
  54266  54136        55        55
  54266  54529        56        56
  54304  54246        56        56
  54304  54600        55        55
  54333  54170        11        11
  54333  55364        12        12
  54346  54150        55        55
  54346  54807        56        56
  54355  53998        70        70
  54355  54966        69        69
  54377  54170        56        56
  54377  54429        55        55
  54429  54377        56        56
  54429  54505        55        55
  54505  54429        56        56
  54505  54694        55        55
  54529  54266        55        55
  54529  55317        56        56
  54600  54304        56        56
  54600  54894        55        55
  54694  54505        56        56
  54694  54899        55        55
  54807  54346        55        55
  54807  54912        56        56
  54899  54694        56        56
  54899  55241        55        55
  54912  54807        55        55
  54912  54956        56        56
  54956  54912        55        55
  54956  55097        56        56
  54966  54355        70        70
  54966  55257        69        69
  55097  54956        55        55
  55097  55277        56        56
  55241  54899        56        56
  55257  56078        69        69
  55277  55097        55        55
  55277  55350        56        56
  55309  55500        55        55
  55309 184174        56        56
  55317  54529        55        55
  55317 198172        56        56
  55350  55277        55        55
  55350  55842        56        56
  55364  54333        11        11
  55364  55383        12        12
  55383  55364        11        11
  55383  55682        12        12
  55500  55309        56        56
  55500 198172        55        55
  55682  55383        11        11
  55682  55913        12        12
  55842  55350        55        55
  55842  56428        56        56
  55913  55682        11        11
  55913  56012        12        12
  56012  55913        11        11
  56012  56278        12        12
  56078  55257        70        70
  56078  56854        69        69
  56278  56012        11        11
  56278  56443        12        12
  56428  55842        55        55
  56428  56703        56        56
  56443  56278        11        11
  56443  56898        12        12
  56703  56428        55        55
  56703  56892        56        56
  56854  56078        70        70
  56854  57477        69        69
  56892  56703        55        55
  56892  57003        56        56
  56898  56443        11        11
  56898  57261        12        12
  57003  56892        55        55
  57003  57636        56        56
  57261  56898        11        11
  57261  57600        12        12
  57477  56854        70        70
  57477  57725        69        69
  57600  57261        11        11
  57600  58089        12        12
  57636  57003        55        55
  57636  57708        56        56
  57708  57636        55        55
  57708  58459        56        56
  57725  57477        70        70
  57725 198114        69        69
  58089  57600        11        11
  58089  58570        12        12
  58171  58205        15        15
  58205  58171        16        16
  58205  58223        15        15
  58223  58205        16        16
  58223  58237        15        15
  58237  58223        16        16
  58237  58238        15        15
  58238  58237        16        16
  58238 185450        15        15
  58247  58249        15        15
  58247 185450        16        16
  58249  58247        16        16
  58249  58259        15        15
  58259  58249        16        16
  58259  58263        15        15
  58263  58259        16        16
  58263  58277        15        15
  58277  58263        16        16
  58277  58291        15        15
  58291  58277        16        16
  58291  58301        15        15
  58301  58291        16        16
  58301  58307        15        15
  58307  58301        16        16
  58307  58314        15        15
  58314  58307        16        16
  58314  58316        15        15
  58316  58314        16        16
  58316  58319        15        15
  58319  58316        16        16
  58319  58328        15        15
  58328  58319        16        16
  58328  58354        15        15
  58354  58328        16        16
  58354  58372        15        15
  58372  58354        16        16
  58372  58390        15        15
  58390  58372        16        16
  58390  58396        15        15
  58396  58390        16        16
  58396  58402        15        15
  58402  58396        16        16
  58402  58418        15        15
  58418  58402        16        16
  58418  58426        15        15
  58426  58418        16        16
  58426  58437        15        15
  58437  58426        16        16
  58437  58443        15        15
  58443  58437        16        16
  58443  58454        15        15
  58454  58443        16        16
  58454  58459        15        15
  58459  57708        55        55
  58459  58454        16        16
  58459  58835        56        56
  58570  58089        11        11
  58570  58731        12        12
  58731  58570        11        11
  58731  58799        12        12
  58799  58731        11        11
  58799 186366        12        12
  58835  58459        55        55
  58835  59205        56        56
  58909  59179        69        69
  58909 198114        70        70
  59179  58909        70        70
  59179  59427        69        69
  59205  58835        55        55
  59205  59558        56        56
  59266  59534        12        12
  59266 186366        11        11
  59427  59179        70        70
  59427  60880        69        69
  59534  59266        11        11
  59534  59993        12        12
  59558  59205        55        55
  59558  59897        56        56
  59897  59558        55        55
  59897  60200        56        56
  59993  59534        11        11
  59993  60136        12        12
  60136  59993        11        11
  60136  60266        12        12
  60200  59897        55        55
  60200  60497        56        56
  60266  60136        11        11
  60266  60646        12        12
  60497  60200        55        55
  60497  60822        56        56
  60646  60266        11        11
  60646  60912        12        12
  60822  60497        55        55
  60822  61135        56        56
  60880  59427        70        70
  60880  62034        69        69
  60912  60646        11        11
  60912  61061        12        12
  61061  60912        11        11
  61061  61215        12        12
  61135  60822        55        55
  61135  61214        56        56
  61214  61135        55        55
  61214  61508        56        56
  61215  61061        11        11
  61215  61511        12        12
  61416  61445        69        69
  61416  61803        70        70
  61445  61416        70        70
  61445  61635        69        69
  61508  61214        55        55
  61508  61893        56        56
  61511  61215        11        11
  61511  62225        12        12
  61635  61445        70        70
  61803  61416        69        69
  61803  62851        70        70
  61893  61508        55        55
  61893  62508        56        56
  62034  60880        70        70
  62034  62622        69        69
  62225  61511        11        11
  62225  62331        12        12
  62331  62225        11        11
  62331  62828        12        12
  62508  61893        55        55
  62508  62782        56        56
  62622  62034        70        70
  62622  62851        69        69
  62782  62508        55        55
  62782  63129        56        56
  62828  62331        11        11
  62828  62869        12        12
  62851  61803        69        69
  62851  62622        70        70
  62869  62828        11        11
  62869  63274        12        12
  63129  62782        55        55
  63129  63438        56        56
  63274  62869        11        11
  63274  64102        12        12
  63438  63129        55        55
  63438  63698        56        56
  63698  63438        55        55
  63698  63891        56        56
  63891  63698        55        55
  63891  64298        56        56
  64025  66342        32        32
  64102  63274        11        11
  64102 186363        12        12
  64298  63891        55        55
  64298  64610        56        56
  64610  64298        55        55
  64610  65109        56        56
  64794  65473        12        12
  64794 186363        11        11
  65109  64610        55        55
  65109  65362        56        56
  65362  65109        55        55
  65362  65450        56        56
  65450  65362        55        55
  65450  65644        56        56
  65473  64794        11        11
  65473  65815        12        12
  65644  65450        55        55
  65644  65984        56        56
  65815  65473        11        11
  65815  66179        12        12
  65984  65644        55        55
  65984  66165        56        56
  66165  65984        55        55
  66165  66374        56        56
  66179  65815        11        11
  66179  66550        12        12
  66294  66367         2         2
  66342  64025        31        31
  66342  69590        32        32
  66367  66294         1         1
  66367  66688         2         2
  66374  66165        55        55
  66374  66541        56        56
  66541  66374        55        55
  66541  66800        56        56
  66550  66179        11        11
  66550  66895        12        12
  66688  66367         1         1
  66688  67054         2         2
  66800  66541        55        55
  66800  66880        56        56
  66880  66800        55        55
  66880  66935        56        56
  66895  66550        11        11
  66895  68087        12        12
  66935  66880        55        55
  66935  67116        56        56
  67054  66688         1         1
  67054  67440         2         2
  67116  66935        55        55
  67116  67262        56        56
  67262  67116        55        55
  67262  67553        56        56
  67440  67054         1         1
  67440  67828         2         2
  67553  67262        55        55
  67553  68147        56        56
  67828  67440         1         1
  67828  68235         2         2
  68087  66895        11        11
  68087  68280        12        12
  68235  67828         1         1
  68235  68585         2         2
  68240  67553        55        55
  68280  68087        11        11
  68280  68598        12        12
  68585  68235         1         1
  68585  68982         2         2
  68598  68280        11        11
  68598  68823        12        12
  68823  68598        11        11
  68823  69165        12        12
  68982  68585         1         1
  68982  69316         2         2
  69165  68823        11        11
  69165  69749        12        12
  69316  68982         1         1
  69316  69815         2         2
  69590  66342        31        31
  69590  71188        32        32
  69749  69165        11        11
  69749  69935        12        12
  69815  69316         1         1
  69815  69978         2         2
  69935  69749        11        11
  69978  69815         1         1
  69978  70530         2         2
  70530  69978         1         1
  70530  70726         2         2
  70648  70699        28        28
  70699  70648        27        27
  70699  70981        28        28
  70726  70530         1         1
  70726 185787         2         2
  70981  70699        27        27
  70981  71140        28        28
  71009  71200        52        52
  71084  71665         2         2
  71140  70981        27        27
  71140  71481        28        28
  71188  69590        31        31
  71188  72960        32        32
  71200  71009        51        51
  71200  71754        52        52
  71481  71140        27        27
  71481 183912        28        28
  71665  71084         1         1
  71665  71791         2         2
  71754  71200        51        51
  71754  72165        52        52
  71791  71665         1         1
  71791  71953         2         2
  71953  71791         1         1
  71953  72312         2         2
  72165  71754        51        51
  72165  72613        52        52
  72312  71953         1         1
  72312  72591         2         2
  72591  72312         1         1
  72591  73401         2         2
  72613  72165        51        51
  72613  73494        52        52
  72960  71188        31        31
  72960  74277        32        32
  73401  72591         1         1
  73401  73771         2         2
  73494  72613        51        51
  73494  74077        52        52
  73624  74169        28        28
  73624 184096        27        27
  73771  73401         1         1
  73771  74159         2         2
  74077  73494        51        51
  74077  74364        52        52
  74159  73771         1         1
  74159  74567         2         2
  74169  73624        27        27
  74169  74514        28        28
  74277  72960        31        31
  74277  74389        32        32
  74360  74364        34        34
  74360  74386        33        33
  74364  74077        51        51
  74364  74360        33        33
  74364  75083        52        52
  74386  74360        34        34
  74386  74425        33        33
  74389  74277        31        31
  74421  74425        34        34
  74421 198377        33        33
  74425  74386        34        34
  74425  74421        33        33
  74456  74482        33        33
  74456 198377        34        34
  74482  74456        34        34
  74482  74503        33        33
  74503  74482        34        34
  74503  74509        33        33
  74509  74503        34        34
  74509  74573        33        33
  74514  74169        27        27
  74514  74933        28        28
  74567  74159         1         1
  74567  74661         2         2
  74573  74509        34        34
  74573  74830        33        33
  74661  74567         1         1
  74661  74680         2         2
  74680  74661         1         1
  74680  74847         2         2
  74830  74573        34        34
  74847  74680         1         1
  74847  74968         2         2
  74933  74514        27        27
  74933  75656        28        28
  74968  74847         1         1
  74968  75036         2         2
  75036  74968         1         1
  75036  75380         2         2
  75083  74364        51        51
  75083  75175        52        52
  75175  75083        51        51
  75175  75406        52        52
  75380  75036         1         1
  75380  76064         2         2
  75406  75175        51        51
  75406  75542        52        52
  75542  75406        51        51
  75542  77011        52        52
  75656  74933        27        27
  75656  75985        28        28
  75985  75656        27        27
  75985  76863        28        28
  76064  75380         1         1
  76064  76424         2         2
  76424  76064         1         1
  76424  76833         2         2
  76786  77020         8         8
  76833  76424         1         1
  76833  77993         2         2
  76863  75985        27        27
  76863  78021        28        28
  77011  75542        51        51
  77011  77063        52        52
  77020  76786         7         7
  77020  77404         8         8
  77063  77011        51        51
  77063 185407        52        52
  77087  77461        52        52
  77087 185407        51        51
  77404  77020         7         7
  77404  77604         8         8
  77458  77461        51        51
  77461  77087        51        51
  77461  77458        52        52
  77604  77404         7         7
  77604  78027         8         8
  77993  76833         1         1
  77993  78207         2         2
  78021  76863        27        27
  78021  78385        28        28
  78027  77604         7         7
  78027  78383         8         8
  78207  77993         1         1
  78207  78423         2         2
  78383  78027         7         7
  78383  79072         8         8
  78385  78021        27        27
  78385  79189        28        28
  78423  78207         1         1
  78423  78619         2         2
  78619  78423         1         1
  78619  79243         2         2
  79072  78383         7         7
  79072  79244         8         8
  79189  78385        27        27
  79189 186345        28        28
  79243  78619         1         1
  79243  79275         2         2
  79244  79072         7         7
  79244  79506         8         8
  79275  79243         1         1
  79275  79502         2         2
  79502  79275         1         1
  79502 186269         2         2
  79506  79244         7         7
  79506  79864         8         8
  79678  80333        28        28
  79678 186345        27        27
  79864  79506         7         7
  79864  80160         8         8
  79922  80172         2         2
  79922 186269         1         1
  80160  79864         7         7
  80160  80700         8         8
  80172  79922         1         1
  80172  80625         2         2
  80279  80606        18        18
  80279 183925        17        17
  80333  79678        27        27
  80333  80602        28        28
  80602  80333        27        27
  80602  81246        28        28
  80606  80279        17        17
  80606 186003        18        18
  80625  80172         1         1
  80625  81078         2         2
  80700  80160         7         7
  80700  80977         8         8
  80977  80700         7         7
  80977  81333         8         8
  81078  80625         1         1
  81078  82149         2         2
  81246  80602        27        27
  81246  81553        28        28
  81333  80977         7         7
  81333  82212         8         8
  81543  81898        18        18
  81543 186003        17        17
  81553  81246        27        27
  81553  81622        28        28
  81622  81553        27        27
  81622  81898        28        28
  81898  81543        17        17
  81898  81622        27        27
  81898  82113        28        28
  81898  83136        18        18
  82113  81898        27        27
  82113  82208        28        28
  82149  81078         1         1
  82149  82248         2         2
  82208  82113        27        27
  82208  82350        28        28
  82212  81333         7         7
  82212  82314         8         8
  82248  82149         1         1
  82248  82562         2         2
  82314  82212         7         7
  82314  82899         8         8
  82350  82208        27        27
  82350  82590        28        28
  82562  82248         1         1
  82562  82600         2         2
  82590  82350        27        27
  82590  82729        28        28
  82600  83450         2         2
  82628  82816        28        28
  82628  83133        27        27
  82629  82562         1         1
  82726  82629         1         1
  82729  82590        27        27
  82729  82847        28        28
  82816  82628        27        27
  82816  83043        28        28
  82847  82729        27        27
  82847  82985        28        28
  82899  82314         7         7
  82899  83137         8         8
  82985  82847        27        27
  82985  83369        28        28
  82990  82996        27        27
  82990  83003        28        28
  82996  82990        28        28
  82996  83029        27        27
  83002  83003        27        27
  83003  82990        27        27
  83003  83002        28        28
  83029  82996        28        28
  83029  83043        27        27
  83043  82816        27        27
  83043  83029        28        28
  83092  82726         1         1
  83133  82628        28        28
  83133  83369        27        27
  83136  81898        17        17
  83136  83394        18        18
  83137  82899         7         7
  83137  83210         8         8
  83197  83092         1         1
  83210  83137         7         7
  83210  83803         8         8
  83323  83197         1         1
  83369  82985        27        27
  83369  83133        28        28
  83394  83136        17        17
  83394  84152        18        18
  83450  83874         2         2
  83534  83323         1         1
  83690  83534         1         1
  83803  83210         7         7
  83803  84094         8         8
  83854  83690         1         1
  83874  83999         2         2
  83979  83854         1         1
  83999  84141         2         2
  84094  83803         7         7
  84094  84621         8         8
  84118  83979         1         1
  84141  84262         2         2
  84152  83394        17        17
  84152  84550        18        18
  84245  84118         1         1
  84262  84385         2         2
  84364  84245         1         1
  84385  84519         2         2
  84519  84670         2         2
  84546  84364         1         1
  84550  84152        17        17
  84550  84671        18        18
  84621  84094         7         7
  84621  85239         8         8
  84670  84746         2         2
  84671  84550        17        17
  84671  85687        18        18
  85239  84621         7         7
  85239  85659         8         8
  85659  85239         7         7
  85659  85884         8         8
  85687  84671        17        17
  85687  87102        18        18
  85884  85659         7         7
  85884  86018         8         8
  86018  85884         7         7
  86018  86202         8         8
  86202  86018         7         7
  86202  86376         8         8
  86376  86202         7         7
  86376  86553         8         8
  86553  86376         7         7
  86553  86901         8         8
  86901  86553         7         7
  86901  87184         8         8
  87102  85687        17        17
  87102  87708        18        18
  87184  86901         7         7
  87184  87402         8         8
  87402  87184         7         7
  87402  87621         8         8
  87621  87402         7         7
  87621  87864         8         8
  87708  87102        17        17
  87708  87828        18        18
  87828  87708        17        17
  87828  88269        18        18
  87864  87621         7         7
  87864  88032         8         8
  88032  87864         7         7
  88032  88204         8         8
  88204  88032         7         7
  88204  88702         8         8
  88269  87828        17        17
  88269  88579        18        18
  88579  88269        17        17
  88579  89352        18        18
  88702  88204         7         7
  88702  89483         8         8
  89352  88579        17        17
  89352  89741        18        18
  89483  88702         7         7
  89483  89772         8         8
  89741  89352        17        17
  89741  90632        18        18
  89772  89483         7         7
  89772  89931         8         8
  89931  89772         7         7
  89931  90113         8         8
  90113  89931         7         7
  90113  90349         8         8
  90349  90113         7         7
  90632  89741        17        17
  90632  90768        18        18
  90768  90632        17        17
  90768  90942        18        18
  90942  91610        18        18
  91546  90768        17        17
  91610  91799        18        18
  91788  91546        17        17
  91799  91974        18        18
  91974  92657        18        18
  92032  91788        17        17
  92352  92357        42        42
  92352  92632        41        41
  92357  92352        41        41
  92357  92447        42        42
  92447  92357        41        41
  92447  92577        42        42
  92577  92447        41        41
  92577  93219        42        42
  92632  92352        42        42
  92632  92718        41        41
  92657  92768        18        18
  92659  92032        17        17
  92718  92632        42        42
  92718  92972        41        41
  92768  93171        18        18
  92772  92659        17        17
  92787 185406        41        41
  92788  92794        42        42
  92788  93238        41        41
  92794  92788        41        41
  92794 185406        42        42
  92972  92718        42        42
  92972  93145        41        41
  93145  92972        42        42
  93145  93627        41        41
  93171  92772        17        17
  93219  92577        41        41
  93219  93233        42        42
  93233  93219        41        41
  93233  93236        42        42
  93236  93233        41        41
  93236  93238        42        42
  93238  92788        42        42
  93238  93236        41        41
  93627  93145        42        42
  93627  94413        41        41
  94316  94775        40        40
  94316 185694        39        39
  94413  93627        42        42
  94413  94426        41        41
  94413  94876        68        68
  94426  94413        42        42
  94426  94431        41        41
  94431  94426        42        42
  94431  94551        41        41
  94551  94431        42        42
  94551  94578        41        41
  94578  94551        42        42
  94578  94588        41        41
  94588  94578        42        42
  94588  94599        41        41
  94599  94588        42        42
  94599  94614        41        41
  94614  94599        42        42
  94614  94630        41        41
  94630  94614        42        42
  94630 198742        41        41
  94640  95021        41        41
  94775  94316        39        39
  94775  95680        40        40
  94876  94413        67        67
  94876 198741        68        68
  95021 185772        41        41
  95104  95968        68        68
  95104 198741        67        67
  95161 198742        42        42
  95680  94775        39        39
  95680  96119        40        40
  95968  95104        67        67
  95968 186913        68        68
  96119  95680        39        39
  96119  97409        40        40
  96604  97079        68        68
  96604 186913        67        67
  97079  96604        67        67
  97079  98303        68        68
  97409  96119        39        39
  97409  97948        40        40
  97948  97409        39        39
  97948 100395        40        40
  98303  97079        67        67
  98303  98375        68        68
  98375 185881        68        68
 100395  97948        39        39
 100395 100589        40        40
 100589 100395        39        39
 100589 101018        40        40
 101018 100589        39        39
 101018 101312        40        40
 101312 101018        39        39
 101312 101541        40        40
 101541 101312        39        39
 101541 101871        40        40
 101871 101541        39        39
 101871 102270        40        40
 102270 101871        39        39
 102270 102380        40        40
 102380 102270        39        39
 102380 102746        40        40
 102746 102380        39        39
 102746 103584        40        40
 103584 102746        39        39
 103584 103926        40        40
 103926 103584        39        39
 103926 104300        40        40
 104300 103926        39        39
 104300 104686        40        40
 104686 104300        39        39
 104686 105048        40        40
 105048 104686        39        39
 105048 105176        40        40
 105176 105048        39        39
 105176 105375        40        40
 105375 105176        39        39
 105375 105440        40        40
 105440 105375        39        39
 105440 105686        40        40
 105686 105440        39        39
 105686 105984        40        40
 105984 105686        39        39
 105984 106281        40        40
 106180 106188        49        49
 106180 198690        50        50
 106188 106180        50        50
 106188 106200        49        49
 106200 106188        50        50
 106281 105984        39        39
 106281 106565        40        40
 106565 106281        39        39
 106565 106903        40        40
 106903 106565        39        39
 106903 107467        40        40
 107077 107092        49        49
 107077 107651        50        50
 107092 107077        50        50
 107092 107128        49        49
 107128 107092        50        50
 107128 107137        49        49
 107137 107128        50        50
 107137 107178        49        49
 107178 107137        50        50
 107178 107188        49        49
 107188 107178        50        50
 107188 107194        49        49
 107194 107188        50        50
 107194 107224        49        49
 107216 107219        50        50
 107216 107343        49        49
 107219 107216        49        49
 107219 107235        50        50
 107224 107194        50        50
 107224 107235        49        49
 107235 107219        49        49
 107235 107224        50        50
 107343 107216        50        50
 107343 107350        49        49
 107350 107343        50        50
 107350 107368        49        49
 107368 107350        50        50
 107368 107421        49        49
 107421 107368        50        50
 107421 107432        49        49
 107432 107421        50        50
 107432 107444        49        49
 107444 107432        50        50
 107444 107472        49        49
 107467 106903        39        39
 107467 108201        40        40
 107472 107444        50        50
 107472 198690        49        49
 107651 107077        49        49
 108201 107467        39        39
 108201 108493        40        40
 108493 108201        39        39
 108493 108803        40        40
 108803 108493        39        39
 108803 109460        40        40
 109460 108803        39        39
 109460 109596        40        40
 109596 109460        39        39
 109596 109981        40        40
 109981 109596        39        39
 109981 110595        40        40
 110595 109981        39        39
 110595 110908        40        40
 110908 110595        39        39
 110908 111205        40        40
 111205 110908        39        39
 111205 111490        40        40
 111490 111205        39        39
 111490 111795        40        40
 111729 111754        53        53
 111754 111729        54        54
 111754 183801        53        53
 111795 111490        39        39
 111795 112331        40        40
 112331 111795        39        39
 112331 112695        40        40
 112695 112331        39        39
 112695 113012        40        40
 112705 113600        53        53
 112705 183801        54        54
 113012 112695        39        39
 113012 113370        40        40
 113370 113012        39        39
 113370 113627        40        40
 113600 112705        54        54
 113600 113848        53        53
 113627 113370        39        39
 113627 113804        40        40
 113804 113627        39        39
 113804 113936        40        40
 113848 113600        54        54
 113848 113909        53        53
 113909 113848        54        54
 113909 113959        53        53
 113936 113804        39        39
 113936 114215        40        40
 113959 113909        54        54
 113959 114344        53        53
 114215 113936        39        39
 114215 114395        40        40
 114344 113959        54        54
 114344 114737        53        53
 114395 114215        39        39
 114395 114497        40        40
 114497 114395        39        39
 114497 114643        40        40
 114643 114497        39        39
 114643 114785        40        40
 114737 114344        54        54
 114737 114761        53        53
 114761 114737        54        54
 114761 114890        53        53
 114785 114643        39        39
 114785 114928        40        40
 114890 114761        54        54
 114890 115291        53        53
 114928 114785        39        39
 115291 114890        54        54
 115291 115345        53        53
 115345 115291        54        54
 115345 116016        53        53
 116016 115345        54        54
 116016 116101        53        53
 116101 116016        54        54
 116101 116136        53        53
 116136 116101        54        54
 116136 118822        53        53
 118822 116136        54        54
 118822 119512        53        53
 119512 118822        54        54
 119512 119787        53        53
 119787 119512        54        54
 119787 120540        53        53
 120540 119787        54        54
 120540 122425        53        53
 122425 120540        54        54
 122425 122669        53        53
 122669 122425        54        54
 122669 122984        53        53
 122984 122669        54        54
 122984 123169        53        53
 123169 122984        54        54
 123169 124500        53        53
 123668 123807        71        71
 123807 123668        72        72
 123807 123980        71        71
 123980 123807        72        72
 123980 124012        71        71
 124012 123980        72        72
 124012 124181        71        71
 124036 124048        71        71
 124036 124165        72        72
 124048 124036        72        72
 124048 186858        71        71
 124165 124036        71        71
 124165 124264        72        72
 124181 124012        72        72
 124181 124402        71        71
 124264 124165        71        71
 124264 124661        72        72
 124296 186858        72        72
 124317 124401        71        71
 124401 124317        72        72
 124401 124544        71        71
 124402 124181        72        72
 124402 124611        71        71
 124500 123169        54        54
 124500 124765        53        53
 124544 124401        72        72
 124544 124617        71        71
 124611 124402        72        72
 124611 124843        71        71
 124617 124544        72        72
 124617 124676        71        71
 124661 124264        71        71
 124661 124841        72        72
 124676 124617        72        72
 124676 124750        71        71
 124750 124676        72        72
 124750 184862        71        71
 124765 124500        54        54
 124765 125084        53        53
 124818 124822        71        71
 124818 184862        72        72
 124822 124818        72        72
 124822 124934        71        71
 124841 124661        71        71
 124841 124843        72        72
 124843 124611        72        72
 124843 124841        71        71
 124934 124822        72        72
 124934 124943        71        71
 124943 124934        72        72
 124943 124952        71        71
 124952 124943        72        72
 124952 127523        71        71
 125084 124765        54        54
 125084 125538        53        53
 125538 125084        54        54
 125538 125599        53        53
 125599 125538        54        54
 125599 126024        53        53
 126024 125599        54        54
 126024 126269        53        53
 126269 126024        54        54
 126269 126901        53        53
 126559 126561        72        72
 126559 126567        71        71
 126561 126559        71        71
 126561 126866        72        72
 126567 126559        72        72
 126567 126638        71        71
 126638 126567        72        72
 126638 126809        71        71
 126809 126638        72        72
 126809 127546        71        71
 126866 126561        71        71
 126866 126980        72        72
 126901 126269        54        54
 126901 127074        53        53
 126980 126866        71        71
 126980 127190        72        72
 127074 126901        54        54
 127074 128610        53        53
 127190 126980        71        71
 127190 127583        72        72
 127492 127493        71        71
 127492 127657        72        72
 127493 127492        72        72
 127493 127502        71        71
 127499 127507        72        72
 127499 127581        71        71
 127502 127493        72        72
 127502 127507        71        71
 127507 127499        71        71
 127507 127502        72        72
 127523 124952        72        72
 127523 127702        71        71
 127546 126809        72        72
 127546 127967        71        71
 127581 127499        72        72
 127581 127582        71        71
 127582 127581        72        72
 127582 127585        71        71
 127583 127190        71        71
 127583 127585        72        72
 127585 127582        72        72
 127585 127583        71        71
 127657 127492        71        71
 127657 127702        72        72
 127702 127523        72        72
 127702 127657        71        71
 127967 127546        72        72
 127967 128209        71        71
 128209 127967        72        72
 128209 128630        71        71
 128610 127074        54        54
 128610 129397        53        53
 128630 128209        72        72
 128630 128645        71        71
 128645 128630        72        72
 128645 128652        71        71
 128652 128645        72        72
 128652 128658        71        71
 128658 128652        72        72
 128658 128661        71        71
 128661 128658        72        72
 128661 129054        71        71
 129054 128661        72        72
 129054 129392        71        71
 129392 129054        72        72
 129392 129456        71        71
 129397 128610        54        54
 129397 129712        53        53
 129456 129392        72        72
 129456 129708        71        71
 129708 129456        72        72
 129708 130098        71        71
 129712 129397        54        54
 129712 130369        53        53
 130098 129708        72        72
 130098 130451        71        71
 130111 130131        36        36
 130131 130111        35        35
 130131 130184        36        36
 130184 130131        35        35
 130184 132013        36        36
 130369 129712        54        54
 130369 131095        53        53
 130451 130098        72        72
 130451 130745        71        71
 130745 130451        72        72
 130745 131146        71        71
 131095 130369        54        54
 131095 131259        53        53
 131146 130745        72        72
 131146 131467        71        71
 131259 131095        54        54
 131259 131583        53        53
 131467 131146        72        72
 131467 131487        71        71
 131487 131467        72        72
 131487 131502        71        71
 131502 131487        72        72
 131502 131503        71        71
 131503 131502        72        72
 131503 131527        71        71
 131527 131503        72        72
 131527 131533        71        71
 131533 131527        72        72
 131533 131545        71        71
 131545 131533        72        72
 131545 131546        71        71
 131546 131545        72        72
 131546 131548        71        71
 131548 131546        72        72
 131548 131549        71        71
 131549 131548        72        72
 131549 131550        71        71
 131550 131549        72        72
 131550 131552        71        71
 131552 131550        72        72
 131552 131555        71        71
 131555 131552        72        72
 131555 131560        71        71
 131558 131560        72        72
 131558 131584        71        71
 131560 131555        72        72
 131560 131558        71        71
 131583 131259        54        54
 131583 131764        53        53
 131584 131558        72        72
 131584 131608        71        71
 131608 131584        72        72
 131608 131611        71        71
 131611 131608        72        72
 131611 131643        71        71
 131643 131611        72        72
 131764 131583        54        54
 131764 132132        53        53
 132013 130184        35        35
 132013 132714        36        36
 132132 131764        54        54
 132132 132331        53        53
 132331 132132        54        54
 132331 132841        53        53
 132714 132013        35        35
 132714 133001        36        36
 132841 132331        54        54
 132841 133422        53        53
 133001 132714        35        35
 133001 133578        36        36
 133422 132841        54        54
 133422 134350        53        53
 133578 133001        35        35
 134350 133422        54        54
 134350 136104        53        53
 136104 134350        54        54
 136104 136213        53        53
 136213 136104        54        54
 136213 137943        53        53
 136219 136235        80        80
 136235 136219        79        79
 136235 185006        80        80
 136511 136408        79        79
 136511 136526        80        80
 136526 136511        79        79
 136526 198041        80        80
 137215 138161        80        80
 137215 198041        79        79
 137943 136213        54        54
 137943 137971        53        53
 137971 137943        54        54
 137971 138233        53        53
 138161 137215        79        79
 138161 139091        80        80
 138233 137971        54        54
 138233 138358        53        53
 138358 138233        54        54
 138358 138425        53        53
 138425 138358        54        54
 138425 139130        53        53
 139091 138161        79        79
 139091 140294        80        80
 139130 138425        54        54
 139130 139498        53        53
 139498 139130        54        54
 139498 139899        53        53
 139899 139498        54        54
 139899 140158        53        53
 140158 139899        54        54
 140158 140289        53        53
 140289 140158        54        54
 140289 140747        53        53
 140294 139091        79        79
 140294 140546        80        80
 140405 140932        48        48
 140546 140294        79        79
 140546 141696        80        80
 140747 140289        54        54
 140747 140776        53        53
 140776 140747        54        54
 140776 183499        53        53
 140932 140405        47        47
 140932 141210        48        48
 141210 140932        47        47
 141210 141785        48        48
 141696 140546        79        79
 141785 141210        47        47
 141785 142252        48        48
 142252 141785        47        47
 142252 142415        48        48
 142415 142252        47        47
 142415 142562        48        48
 142562 142415        47        47
 142562 142725        48        48
 142725 142562        47        47
 142725 142885        48        48
 142885 142725        47        47
 142885 143218        48        48
 143218 142885        47        47
 143218 143801        48        48
 143276 143840        66        66
 143801 143218        47        47
 143801 144241        48        48
 143840 143276        65        65
 143840 143912        66        66
 143912 143840        65        65
 143912 144138        66        66
 144138 143912        65        65
 144138 144599        66        66
 144241 143801        47        47
 144241 144877        48        48
 144304 147246        53        53
 144304 183499        54        54
 144599 144138        65        65
 144599 145402        66        66
 144877 144241        47        47
 144877 145149        48        48
 145149 144877        47        47
 145149 145566        48        48
 145402 144599        65        65
 145402 146254        66        66
 145566 145149        47        47
 145566 145734        48        48
 145734 145566        47        47
 145734 146055        48        48
 146055 145734        47        47
 146055 146679        48        48
 146254 145402        65        65
 146254 146749        66        66
 146679 146055        47        47
 146679 147319        48        48
 146749 146254        65        65
 146749 147837        66        66
 147246 144304        54        54
 147246 150099        53        53
 147319 146679        47        47
 147319 147421        48        48
 147421 147319        47        47
 147421 147920        48        48
 147837 146749        65        65
 147837 148101        66        66
 147920 147421        47        47
 147920 148181        48        48
 148101 147837        65        65
 148101 185560        66        66
 148181 147920        47        47
 148181 148756        48        48
 148756 148181        47        47
 148756 148990        48        48
 148911 148958        66        66
 148911 185560        65        65
 148958 148911        65        65
 148958 149262        66        66
 148990 148756        47        47
 149020 198738        48        48
 149262 148958        65        65
 149262 150240        66        66
 149788 150349        48        48
 149788 198738        47        47
 150099 147246        54        54
 150099 152216        53        53
 150240 149262        65        65
 150240 150368        66        66
 150349 149788        47        47
 150349 151091        48        48
 150368 150240        65        65
 150368 150835        66        66
 150835 150368        65        65
 150835 151251        66        66
 150924 150936         4         4
 150924 183543         3         3
 150936 150924         3         3
 150936 150948         4         4
 150948 150936         3         3
 150948 150971         4         4
 150971 150948         3         3
 150971 150982         4         4
 150982 150971         3         3
 150982 150991         4         4
 150991 150982         3         3
 150991 151022         4         4
 151022 150991         3         3
 151022 151040         4         4
 151040 151022         3         3
 151040 151064         4         4
 151052 151058         3         3
 151058 151052         4         4
 151058 151063         3         3
 151063 151058         4         4
 151063 151067         3         3
 151064 151040         3         3
 151064 151085         4         4
 151067 151063         4         4
 151067 151070         3         3
 151070 151067         4         4
 151070 151075         3         3
 151075 151070         4         4
 151075 151076         3         3
 151076 151075         4         4
 151076 151080         3         3
 151080 151076         4         4
 151080 151091         3         3
 151085 151064         3         3
 151085 151128         4         4
 151091 150349        47        47
 151091 151080         4         4
 151091 151096         3         3
 151096 151091         4         4
 151096 151102         3         3
 151102 151096         4         4
 151102 151112         3         3
 151112 151102         4         4
 151112 151114         3         3
 151114 151112         4         4
 151114 151118         3         3
 151118 151114         4         4
 151118 151125         3         3
 151125 151118         4         4
 151125 151132         3         3
 151128 151085         3         3
 151128 151153         4         4
 151132 151125         4         4
 151132 151139         3         3
 151139 151132         4         4
 151139 151157         3         3
 151153 151128         3         3
 151153 151168         4         4
 151157 151139         4         4
 151157 151158         3         3
 151158 151157         4         4
 151158 151170         3         3
 151168 151153         3         3
 151168 151194         4         4
 151170 151158         4         4
 151170 151184         3         3
 151184 151170         4         4
 151184 151185         3         3
 151185 151184         4         4
 151185 151198         3         3
 151194 151168         3         3
 151194 151219         4         4
 151198 151185         4         4
 151198 151204         3         3
 151204 151198         4         4
 151204 151210         3         3
 151210 151204         4         4
 151210 151223         3         3
 151219 151194         3         3
 151219 151250         4         4
 151223 151210         4         4
 151223 151245         3         3
 151245 151223         4         4
 151245 151253         3         3
 151250 151219         3         3
 151250 151258         4         4
 151251 150835        65        65
 151251 151630        66        66
 151253 151245         4         4
 151253 151258         3         3
 151258 151250         3         3
 151258 151253         4         4
 151630 151251        65        65
 151630 152021        66        66
 152021 151630        65        65
 152021 152480        66        66
 152216 150099        54        54
 152480 152021        65        65
 152480 152785        66        66
 152695 153389        46        46
 152785 152480        65        65
 152785 153706        66        66
 153389 152695        45        45
 153389 154006        46        46
 153706 152785        65        65
 153706 154494        66        66
 154006 153389        45        45
 154006 154204        46        46
 154204 154006        45        45
 154204 154467        46        46
 154467 154204        45        45
 154467 154780        46        46
 154494 153706        65        65
 154494 155845        66        66
 154780 154467        45        45
 154780 155112        46        46
 155112 154780        45        45
 155112 155350        46        46
 155350 155112        45        45
 155350 155606        46        46
 155606 155350        45        45
 155606 155884        46        46
 155627 155985         9         9
 155845 154494        65        65
 155845 156874        66        66
 155884 155606        45        45
 155884 156490        46        46
 155985 155627        10        10
 155985 156203         9         9
 156203 155985        10        10
 156203 156403         9         9
 156403 156203        10        10
 156403 156898         9         9
 156490 155884        45        45
 156490 156631        46        46
 156631 156490        45        45
 156631 157132        46        46
 156874 155845        65        65
 156874 157536        66        66
 156898 156403        10        10
 156898 156902         9         9
 156902 156898        10        10
 156902 156914         9         9
 156914 156902        10        10
 156914 156925         9         9
 156925 156914        10        10
 156925 156928         9         9
 156928 156925        10        10
 156928 156991         9         9
 156986 156996        10        10
 156986 157016         9         9
 156991 156928        10        10
 156991 157008         9         9
 156996 156986         9         9
 156996 157030        10        10
 157008 156991        10        10
 157008 157013         9         9
 157013 157008        10        10
 157013 157018         9         9
 157015 157027         9         9
 157015 157045        10        10
 157016 156986        10        10
 157016 157033         9         9
 157018 157013        10        10
 157018 157031         9         9
 157027 157015        10        10
 157027 185135         9         9
 157030 156996         9         9
 157030 157036        10        10
 157031 157018        10        10
 157031 157036         9         9
 157033 157016        10        10
 157033 157045         9         9
 157036 157030         9         9
 157036 157031        10        10
 157038 157040         9         9
 157038 185135        10        10
 157040 157038        10        10
 157040 157044         9         9
 157044 157040        10        10
 157044 157065         9         9
 157045 157015         9         9
 157045 157033        10        10
 157065 157044        10        10
 157065 157082         9         9
 157082 157065        10        10
 157082 157090         9         9
 157090 157082        10        10
 157090 157095         9         9
 157095 157090        10        10
 157095 157101         9         9
 157101 157095        10        10
 157101 157111         9         9
 157111 157101        10        10
 157111 157122         9         9
 157122 157111        10        10
 157122 157123         9         9
 157123 157122        10        10
 157123 157132         9         9
 157132 156631        45        45
 157132 157123        10        10
 157132 157651        46        46
 157536 156874        65        65
 157536 157727        66        66
 157651 157132        45        45
 157651 157825        46        46
 157727 157536        65        65
 157727 157964        66        66
 157825 157651        45        45
 157825 158619        46        46
 157964 157727        65        65
 157964 158036        66        66
 158036 157964        65        65
 158036 159079        66        66
 158619 157825        45        45
 158619 159126        46        46
 159079 158036        65        65
 159079 159564        66        66
 159126 158619        45        45
 159126 159392        46        46
 159392 159126        45        45
 159392 160006        46        46
 159564 159730        66        66
 159730 159993        66        66
 159734 159079        65        65
 159928 159936        13        13
 159928 159937        14        14
 159936 159928        14        14
 159936 159940        13        13
 159937 159928        13        13
 159937 160055        14        14
 159940 159936        14        14
 159940 159948        13        13
 159948 159940        14        14
 159948 159953        13        13
 159953 159948        14        14
 159953 159967        13        13
 159966 159734        65        65
 159967 159953        14        14
 159967 159978        13        13
 159978 159967        14        14
 159978 159985        13        13
 159985 159978        14        14
 159985 160006        13        13
 159993 160160        66        66
 160006 159392        45        45
 160006 159985        14        14
 160006 160008        13        13
 160006 161207        46        46
 160008 160006        14        14
 160008 160011        13        13
 160011 160008        14        14
 160011 160059        13        13
 160055 159937        13        13
 160055 160208        14        14
 160056 160077        13        13
 160057 160252        14        14
 160057 160392        13        13
 160059 160011        14        14
 160059 160069        13        13
 160069 160059        14        14
 160069 160075        13        13
 160075 160069        14        14
 160075 160082        13        13
 160077 160056        14        14
 160077 160086        13        13
 160082 160075        14        14
 160082 160083        13        13
 160083 160082        14        14
 160083 160087        13        13
 160086 160077        14        14
 160086 160102        13        13
 160087 160083        14        14
 160087 160091        13        13
 160091 160087        14        14
 160091 160098        13        13
 160098 160091        14        14
 160098 160115        13        13
 160102 160086        14        14
 160102 160108        13        13
 160108 160102        14        14
 160108 160114        13        13
 160114 160108        14        14
 160114 160206        13        13
 160115 160098        14        14
 160115 160121        13        13
 160121 160115        14        14
 160121 160128        13        13
 160128 160121        14        14
 160128 160153        13        13
 160153 160128        14        14
 160153 160213        13        13
 160160 184605        66        66
 160177 159966        65        65
 160206 160114        14        14
 160206 160224        13        13
 160208 160055        13        13
 160208 160267        14        14
 160213 160153        14        14
 160213 160246        13        13
 160224 160206        14        14
 160224 160230        13        13
 160230 160224        14        14
 160230 160245        13        13
 160244 160252        13        13
 160244 160253        14        14
 160244 161336        38        38
 160245 160230        14        14
 160245 160254        13        13
 160246 160213        14        14
 160246 160255        13        13
 160252 160057        13        13
 160252 160244        14        14
 160253 160244        13        13
 160253 160255        14        14
 160254 160245        14        14
 160254 160256        13        13
 160255 160246        14        14
 160255 160253        13        13
 160256 160254        14        14
 160256 160270        13        13
 160267 160208        13        13
 160267 160288        14        14
 160270 160256        14        14
 160270 160288        13        13
 160288 160267        13        13
 160288 160270        14        14
 160392 160057        14        14
 160392 160659        13        13
 160430 160731        66        66
 160435 160177        65        65
 160605 160435        65        65
 160659 160392        14        14
 160659 160665        13        13
 160665 160659        14        14
 160665 160668        13        13
 160668 160665        14        14
 160668 160674        13        13
 160674 160668        14        14
 160674 160685        13        13
 160685 160674        14        14
 160685 160690        13        13
 160690 160685        14        14
 160690 160704        13        13
 160704 160690        14        14
 160704 160705        13        13
 160705 160704        14        14
 160705 160717        13        13
 160717 160705        14        14
 160717 160724        13        13
 160724 160717        14        14
 160724 160731        13        13
 160731 160724        14        14
 160731 160848        66        66
 160737 160605        65        65
 160848 161322        66        66
 161123 160737        65        65
 161207 160006        45        45
 161207 161335        46        46
 161322 161501        66        66
 161335 161207        45        45
 161335 161998        46        46
 161336 160244        37        37
 161336 161647        38        38
 161501 161714        66        66
 161510 161123        65        65
 161647 161336        37        37
 161647 162214        38        38
 161714 161510        65        65
 161714 162039        66        66
 161998 161335        45        45
 161998 162712        46        46
 162039 161714        65        65
 162039 162440        66        66
 162214 161647        37        37
 162214 162958        38        38
 162440 162039        65        65
 162440 162711        66        66
 162711 162440        65        65
 162711 163008        66        66
 162712 161998        45        45
 162712 164064        46        46
 162958 162214        37        37
 162958 163248        38        38
 163008 162711        65        65
 163008 163773        66        66
 163248 162958        37        37
 163248 164275        38        38
 163773 163008        65        65
 163773 164512        66        66
 164064 162712        45        45
 164064 164664        46        46
 164275 163248        37        37
 164275 165164        38        38
 164512 163773        65        65
 164512 165633        66        66
 164664 164064        45        45
 164664 165591        46        46
 165164 164275        37        37
 165164 166145        38        38
 165591 164664        45        45
 165591 166455        46        46
 165633 164512        65        65
 165633 166224        66        66
 166145 165164        37        37
 166145 166537        38        38
 166224 165633        65        65
 166224 166585        66        66
 166455 165591        45        45
 166455 166510        46        46
 166510 166455        45        45
 166510 166783        46        46
 166537 166145        37        37
 166537 166800        38        38
 166585 166224        65        65
 166585 167071        66        66
 166783 166510        45        45
 166783 167291        46        46
 166800 166537        37        37
 166800 167136        38        38
 167071 166585        65        65
 167071 167416        66        66
 167136 166800        37        37
 167136 167701        38        38
 167291 166783        45        45
 167291 167708        46        46
 167416 167071        65        65
 167416 167764        66        66
 167701 167136        37        37
 167701 168335        38        38
 167708 167291        45        45
 167708 168094        46        46
 167764 167416        65        65
 167764 168421        66        66
 168094 167708        45        45
 168094 168212        46        46
 168212 168094        45        45
 168212 168334        46        46
 168334 168212        45        45
 168334 168575        46        46
 168335 167701        37        37
 168335 168588        38        38
 168421 167764        65        65
 168421 168738        66        66
 168575 168334        45        45
 168575 168715        46        46
 168588 168335        37        37
 168588 168668        38        38
 168668 168588        37        37
 168668 168899        38        38
 168715 168575        45        45
 168715 168833        46        46
 168738 168421        65        65
 168738 169018        66        66
 168833 168715        45        45
 168833 168946        46        46
 168899 168668        37        37
 168899 170132        38        38
 168946 168833        45        45
 168946 169532        46        46
 169018 168738        65        65
 169018 169328        66        66
 169328 169018        65        65
 169328 169558        66        66
 169532 168946        45        45
 169532 169646        46        46
 169558 169328        65        65
 169558 169947        66        66
 169646 169532        45        45
 169646 169913        46        46
 169913 169646        45        45
 169913 170035        46        46
 169947 169558        65        65
 169947 170210        66        66
 170035 169913        45        45
 170035 170189        46        46
 170132 168899        37        37
 170132 171231        38        38
 170189 170035        45        45
 170189 170500        46        46
 170210 169947        65        65
 170210 170743        66        66
 170500 170189        45        45
 170500 170801        46        46
 170743 170210        65        65
 170743 171317        66        66
 170801 170500        45        45
 170801 171235        46        46
 171231 170132        37        37
 171231 173013        38        38
 171235 170801        45        45
 171235 171911        46        46
 171317 170743        65        65
 171317 171664        66        66
 171664 171317        65        65
 171664 171756        66        66
 171756 171664        65        65
 171756 172110        66        66
 171911 171235        45        45
 171911 172044        46        46
 172044 171911        45        45
 172044 172678        46        46
 172110 171756        65        65
 172110 172659        66        66
 172659 172110        65        65
 172659 173077        66        66
 172678 172044        45        45
 172678 172897        46        46
 172897 172678        45        45
 172897 173127        46        46
 173013 171231        37        37
 173013 173912        38        38
 173077 172659        65        65
 173077 173521        66        66
 173127 172897        45        45
 173127 173573        46        46
 173521 173077        65        65
 173521 174000        66        66
 173573 173127        45        45
 173573 174201        46        46
 173912 173013        37        37
 173912 174223        38        38
 174000 173521        65        65
 174000 174294        66        66
 174201 173573        45        45
 174201 174320        46        46
 174223 173912        37        37
 174223 174575        38        38
 174294 174000        65        65
 174294 174820        66        66
 174320 174201        45        45
 174320 174563        46        46
 174563 174320        45        45
 174563 175269        46        46
 174575 174223        37        37
 174575 175033        38        38
 174820 174294        65        65
 174820 175613        66        66
 175033 174575        37        37
 175033 175740        38        38
 175269 174563        45        45
 175269 175540        46        46
 175540 175269        45        45
 175540 175553        21        21
 175540 176104        46        46
 175540 186704        22        22
 175553 175540        22        22
 175553 175592        21        21
 175592 175553        22        22
 175592 175602        21        21
 175602 175592        22        22
 175602 175640        21        21
 175613 174820        65        65
 175613 175816        22        22
 175613 176713        66        66
 175640 175602        22        22
 175640 175657        21        21
 175657 175640        22        22
 175657 175658        21        21
 175658 175657        22        22
 175658 175686        21        21
 175686 175658        22        22
 175686 175693        21        21
 175693 175686        22        22
 175693 175740        21        21
 175740 175033        37        37
 175740 175693        22        22
 175740 175757        21        21
 175757 175740        22        22
 175757 175779        21        21
 175779 175757        22        22
 175779 175787        21        21
 175787 175779        22        22
 175787 175816        21        21
 175816 175613        21        21
 175816 175787        22        22
 176104 175540        45        45
 176104 176580        46        46
 176580 176104        45        45
 176580 176737        46        46
 176713 175613        65        65
 176713 176851        66        66
 176737 176580        45        45
 176851 176713        65        65
 176851 177571        66        66
 177571 176851        65        65
 177571 177907        66        66
 177907 177571        65        65
 177907 178099        66        66
 178099 177907        65        65
 178099 178500        66        66
 178500 178099        65        65
 178500 178786        66        66
 178786 178500        65        65
 178786 179153        66        66
 179153 178786        65        65
 179153 179508        66        66
 179508 179153        65        65
 179508 179585        66        66
 179585 179508        65        65
 179585 179647        66        66
 179647 179585        65        65
 179647 179716        66        66
 179716 179647        65        65
 179716 179797        66        66
 179797 179716        65        65
 179797 179860        66        66
 179860 179797        65        65
 179860 180010        66        66
 180010 179860        65        65
 180010 180148        66        66
 180148 180010        65        65
 180148 181112        66        66
 181112 180148        65        65
 183499 140776        54        54
 183499 144304        53        53
 183543 150924         4         4
 183801 111754        54        54
 183801 112705        53        53
 183822  36928        20        20
 183822  36934        19        19
 183912  71481        27        27
 183912 184133        28        28
 183925  80279        18        18
 183925 184013        17        17
 184013 183925        18        18
 184013 184016        17        17
 184016 184013        18        18
 184016 184017        17        17
 184017 184016        18        18
 184017 184091        17        17
 184091 184017        18        18
 184096  73624        28        28
 184096 184115        27        27
 184115 184096        28        28
 184115 184135        27        27
 184123 184127        28        28
 184123 184133        27        27
 184127 184123        27        27
 184127 184135        28        28
 184133 183912        27        27
 184133 184123        28        28
 184135 184115        28        28
 184135 184127        27        27
 184174  55309        55        55
 184605 160430        66        66
 184650  18406        73        73
 184849  41836        24        24
 184849  41851        23        23
 184862 124750        72        72
 184862 124818        71        71
 185006 136235        79        79
 185006 136511        80        80
 185135 157027        10        10
 185135 157038         9         9
 185406  92787        42        42
 185406  92794        41        41
 185407  77063        51        51
 185407  77087        52        52
 185411  53198        69        69
 185438  31326        25        25
 185438  31338        26        26
 185439  36945        20        20
 185439  36953        19        19
 185450  58238        16        16
 185450  58247        15        15
 185560 148101        65        65
 185560 148911        66        66
 185684  22498        73        73
 185694  94316        40        40
 185772  95022        41        41
 185787  70726         1         1
 185838 185842        62        62
 185840 185844        62        62
 185842 185840        62        62
 185844 185847        62        62
 185847 185848        62        62
 185848 185850        62        62
 185850 186903        62        62
 185855 185857        62        62
 185857 185859        60        60
 185859 185861        60        60
 185861 185864        60        60
 185864 185865        60        60
 185865 185867        60        60
 185867 185868        60        60
 185868 185870        60        60
 185870 185871        60        60
 185871 185873        58        58
 185873 185876        58        58
 185876 185877        58        58
 185877 185953        58        58
 185878 185879        57        57
 185879  98303        67        67
 185879 185881        57        57
 185881 185882        57        57
 185882 185884        57        57
 185884 185885        59        59
 185885 185887        59        59
 185887 185888        59        59
 185888 185890        59        59
 185890 185892        59        59
 185892 185896        59        59
 185896 185898        59        59
 185898 185900        59        59
 185900 185902        61        61
 185902 198747        61        61
 185907 185908        61        61
 185908 185910        61        61
 185910 185911        61        61
 185911 185913        61        61
 185913 185915        61        61
 185915 185917        61        61
 185917 185919        61        61
 185921 185878        57        57
 185935 185936        58        58
 185936 185937        58        58
 185937 185940        58        58
 185940 185998        58        58
 185941 185921        57        57
 185942 185997        57        57
 185943 185974        58        58
 185953 185935        58        58
 185956 198749        62        62
 185957 198750        61        61
 185974 185976        58        58
 185975 185942        57        57
 185976 185977        58        58
 185977 185980        58        58
 185978 185975        57        57
 185979 185978        57        57
 185980 185982        58        58
 185981 185979        57        57
 185997 185941        57        57
 185998 185943        58        58
 186003  80606        17        17
 186003  81543        18        18
 186265  31323        26        26
 186265  31339        25        25
 186269  79502         1         1
 186269  79922         2         2
 186298  31344        26        26
 186298  31533        25        25
 186345  79189        27        27
 186345  79678        28        28
 186363  64102        11        11
 186363  64794        12        12
 186366  58799        11        11
 186366  59266        12        12
 186704 175540        21        21
 186858 124048        72        72
 186858 124296        71        71
 186903 185956        62        62
 186913  95968        67        67
 186913  96604        68        68
 187224  54600        56        56
 187227 187224        56        56
 198041 136526        79        79
 198041 137215        80        80
 198066  19076        74        74
 198067  18018        74        74
 198068  17876        73        73
 198069 198071        73        73
 198070  17878        74        74
 198071  17639        73        73
 198072 198070        74        74
 198114  57725        70        70
 198114  58909        69        69
 198172  55317        55        55
 198172  55500        56        56
 198377  74421        34        34
 198377  74456        33        33
 198690 106180        49        49
 198690 107472        50        50
 198738 149020        47        47
 198738 149788        48        48
 198741  94876        67        67
 198741  95104        68        68
 198742  94630        42        42
 198742  94640        41        41
 198747 185957        61        61
 198749 185855        62        62
 198750 185907        61        61
 198774  17515        74        74
 198775  17453        73        73
 199100 199117        70        70
