c Bellevue to Redmond
  inode  jnode    @corr8    result
  70336  70635         2         2
  70635  70336         1         1
  70635  70696         2         2
  70696  71659         2         2
  70704  70635         1         1
  71659  72127         2         2
  72127 184986         2         2
  72224 184987         1         1
  72237 184121         2         2
  72437 184103         2         2
  72600  72224         1         1
  75144 183981         2         2
  78961 198186         2         2
  79293 184144         1         1
  80113 183927         2         2
  80114  80113         2         2
  80202 198181         1         1
  80223  80114         2         2
  80273 183998         2         2
  80370  80459         1         1
  80419  80273         2         2
  80423  80370         1         1
  80459 198573         1         1
  80559 183948         2         2
  80563  80202         1         1
  81571 183937         1         1
  82617  84048         2         2
  83422  81571         1         1
 183914  70704         1         1
 183924  78961         2         2
 183927  82617         2         2
 183937  80423         1         1
 183944  80563         1         1
 183947 184604         2         2
 183948 183947         2         2
 183981 183924         2         2
 183998  80223         2         2
 184103  75144         2         2
 184106  72600         1         1
 184116 184173         1         1
 184120  72437         2         2
 184121 184120         2         2
 184144 198311         1         1
 184173 183914         1         1
 184176 184106         1         1
 184604  80419         2         2
 184986  72237         2         2
 184987 184116         1         1
 185692  83422         1         1
 198181  79293         1         1
 198186  80559         2         2
 198311 184176         1         1
 198573 183944         1         1
