c Bellevue to Issaquah
  inode  jnode    @corr9    result
  84048 185690         2         2
  84315 185692         1         1
  85771  86593         2         2
  85887 185691         1         1
  86593  87670         2         2
  87590 184253         1         1
  87670  90173         2         2
  90173  91077         2         2
  91077  91969         2         2
  91762 184521         1         1
  91969 184259         2         2
  92417 184352         2         2
  93004 185170         1         1
  95797  93004         1         1
  95974 184922         2         2
  96448  95797         1         1
  99727  96448         1         1
 184253  85887         1         1
 184259 184350         2         2
 184348  91762         1         1
 184349 184348         1         1
 184350  92417         2         2
 184352  95974         2         2
 184521 184523         1         1
 184523 184627         1         1
 184627  87590         1         1
 184922  99586         2         2
 185170 184349         1         1
 185690  85771         2         2
 185691  84315         1         1
