c Renton to Auburn
  inode  jnode    @corr6    result
 113860 114027         2         2
 113992 113860         1         1
 114027 114199         2         2
 114167 184268         1         1
 114199 114402         2         2
 114402 114692         2         2
 114425 114167         1         1
 114681 114425         1         1
 114692 183682         2         2
 117746 118035         2         2
 117747 187071         1         1
 118192 119546         2         2
 118632 117747         1         1
 119546 121652         2         2
 119548 118632         1         1
 121652 122186         2         2
 121845 119548         1         1
 122186 123454         2         2
 123454 123991         2         2
 123553 184279         1         1
 123991 126970         2         2
 124065 123553         1         1
 126970 128071         2         2
 127116 124065         1         1
 128055 127116         1         1
 128071 131619         2         2
 131272 128055         1         1
 131619 132616         2         2
 132590 131272         1         1
 132616 134006         2         2
 134006 135756         2         2
 134008 132590         1         1
 135157 134008         1         1
 135756 136497         2         2
 136497 137389         2         2
 136541 135157         1         1
 137389 139865         2         2
 139865 140810         2         2
 139870 184280         1         1
 140676 139870         1         1
 140810 141299         2         2
 141299 141794         2         2
 141822 140676         1         1
 183682 117746         2         2
 184268 113992         1         1
 184279 121845         1         1
 184280 136541         1         1
 187071 114681         1         1
 199233 199297         2         2
