c Federal Way to Seattle
  inode  jnode    @corr3    result
  85583  86387         2         2
  86287  85548         1         1
  86387  86834         2         2
  86595  86287         1         1
  86834  87523         2         2
  87523  87817         2         2
  87817  88529         2         2
  88529  89500         2         2
  88581 198204         1         1
  89135  88581         1         1
  89500  89933         2         2
  89688  89135         1         1
  89933  91504         2         2
  89937  89688         1         1
  91504  92215         2         2
  92215  94628         2         2
  92326 185043         1         1
  94628  95363         2         2
  95283  92326         1         1
  95363 183558         2         2
  97133  98737         2         2
  98664 183555         1         1
  98737 100165         2         2
  99184  98664         1         1
  99331  99184         1         1
  99768  99331         1         1
 100165 102979         2         2
 100886  99768         1         1
 102669 100886         1         1
 102979 104554         2         2
 104554 107078         2         2
 104558 102669         1         1
 107078 108291         2         2
 107480 104558         1         1
 107572 107480         1         1
 108291 109421         2         2
 108904 185045         1         1
 109421 109639         2         2
 109639 110855         2         2
 109640 108904         1         1
 110855 111274         2         2
 110883 109640         1         1
 111274 111732         2         2
 111326 110883         1         1
 111732 112091         2         2
 111766 111326         1         1
 112091 112626         2         2
 112626 114243         2         2
 112686 111766         1         1
 114243 114587         2         2
 114522 112686         1         1
 114587 114663         2         2
 114663 114936         2         2
 114675 114522         1         1
 114926 114675         1         1
 114936 115721         2         2
 115709 114926         1         1
 115721 116654         2         2
 116266 115709         1         1
 116348 116266         1         1
 116654 118667         2         2
 116656 116348         1         1
 118667 198202         2         2
 118939 116656         1         1
 119657 120117         2         2
 119700 118939         1         1
 120117 120787         2         2
 120787 198201         2         2
 120791 183689         1         1
 121204 120791         1         1
 122271 124168         2         2
 122278 121204         1         1
 124168 125216         2         2
 124208 122278         1         1
 124634 124208         1         1
 125015 124634         1         1
 125216 130332         2         2
 125766 125015         1         1
 130332 131657         2         2
 130346 125766         1         1
 131657 133419         2         2
 131986 130346         1         1
 133419 183622         2         2
 137561 183620         1         1
 137586 186149         2         2
 183555  95283         1         1
 183558  97133         2         2
 183620 185403         1         1
 183622 183647         2         2
 183641 137561         1         1
 183647 137586         2         2
 183689 119700         1         1
 185043 198203         1         1
 185045 107572         1         1
 185403 131986         1         1
 198201 122271         2         2
 198202 119657         2         2
 198203  89937         1         1
 198204  86595         1         1
