1	0.049	0.02
2	0.005	0.03
3	0.059	0.034
4	0.0	0.064
5	0.0	0.024
6	0.0	0.0
7	0.036	0.058
8	0.049	0.018
9	0.033	0.038
10	0.036	0.026
11	0.0	0.035
12	0.0	0.008
13	0.0	0.085
14	0.0	0.006
15	0.058	0.062
16	0.01	0.025
17	0.001	0.024
18	0.0	0.04
19	0.066	0.034
20	0.01	0.052
21	0.024	0.029
22	0.032	0.01
23	0.014	0.063
24	0.012	0.147
25	0.0	0.094
26	0.016	0.043
27	0.0	0.031
28	0.0	0.0
29	0.005	0.036
30	0.0	0.025
31	0.003	0.058
32	0.0	0.061
33	0.0	0.005
34	0.053	0.06
35	0.0	0.022
36	0.028	0.049
37	0.0	0.065
38	0.0	0.01
39	0.003	0.07
40	0.0	0.015
41	0.002	0.062
42	0.046	0.025
43	0.001	0.047
44	0.0	0.0
45	0.011	0.027
46	0.0	0.017
47	0.0	0.073
48	0.008	0.054
49	0.009	0.064
50	0.034	0.031
51	0.0	0.0
52	0.066	0.028
53	0.0	0.014
54	0.0	0.057
55	0.0	0.02
56	0.0	0.012
57	0.0	0.033
58	0.018	0.037
59	0.0	0.016
60	0.0	0.026
61	0.0	0.019
62	0.0	0.034
63	0.003	0.0
64	0.0	0.012
65	0.04	0.0
66	0.006	0.02
67	0.018	0.035
68	0.056	0.007
69	0.004	0.06
70	0.03	0.038
71	0.0	0.037
72	0.0	0.0
73	0.019	0.023
74	0.0	0.051
75	0.011	0.022
76	0.0	0.047
77	0.0	0.031
78	0.0	0.024
79	0.002	0.029
80	0.0	0.023
81	0.0	0.021
82	0.0	0.03
83	0.023	0.041
84	0.0	0.027
85	0.029	0.031
86	0.003	0.045
87	0.005	0.035
88	0.004	0.033
89	0.066	0.065
90	0.021	0.053
91	0.002	0.046
92	0.001	0.01
93	0.016	0.035
94	0.0	0.038
95	0.0	0.021
96	0.0	0.038
97	0.0	0.023
98	0.026	0.042
99	0.0	0.019
100	0.008	0.0
101	0.05	0.02
102	0.035	0.029
103	0.0	0.176
104	0.0	0.0
105	0.0	0.011
106	0.0	0.111
107	0.0	0.043
108	0.0	0.077
109	0.055	0.011
110	0.0	0.025
111	0.029	0.051
112	0.0	0.079
113	0.0	0.0
114	0.0	0.013
115	0.0	0.02
116	0.0	0.0
117	0.067	0.0
118	0.0	0.068
119	0.0	0.0
120	0.0	0.038
121	0.0	0.033
122	0.0	0.009
123	0.0	0.018
124	0.0	0.0
125	0.0	0.065
126	0.005	0.0
127	0.011	0.051
128	0.026	0.023
129	0.003	0.023
130	0.0	0.022
131	0.0	0.018
132	0.0	0.036
133	0.0	0.031
134	0.0	0.035
135	0.0	0.024
136	0.067	0.0
137	0.0	0.0
138	0.0	0.037
139	0.0	0.038
140	0.0	0.053
141	0.086	0.073
142	0.0	0.016
143	0.003	0.038
144	0.0	0.032
145	0.0	0.0
146	0.0	0.02
147	0.0	0.03
148	0.0	0.004
149	0.0	0.0
150	0.0	0.0
151	0.0	0.125
152	0.0	0.022
153	0.002	0.0
154	0.0	0.109
155	0.0	0.004
156	0.0	0.0
157	0.0	0.034
158	0.095	0.0
159	0.026	0.016
160	0.0	0.0
161	0.0	0.011
162	0.003	0.015
163	0.0	0.007
164	0.0	0.0
165	0.0	0.0
166	0.004	0.024
167	0.0	0.031
168	0.008	0.026
169	0.034	0.01
170	0.056	0.015
171	0.0	0.004
172	0.011	0.017
173	0.0	0.0
174	0.0	0.026
175	0.0	0.058
176	0.003	0.024
177	0.158	0.026
178	0.0	0.0
179	0.0	0.015
180	0.0	0.054
181	0.159	0.114
182	0.005	0.009
183	0.002	0.032
184	0.002	0.018
185	0.0	0.0
186	0.0	0.046
187	0.009	0.056
188	0.025	0.083
189	0.0	0.018
190	0.003	0.062
191	0.0	0.033
192	0.08	0.022
193	0.0	0.0
194	0.008	0.101
195	0.0	0.019
196	0.0	0.0
197	0.0	0.0
198	0.0	0.0
199	0.0	0.001
200	0.022	0.0
201	0.001	0.012
202	0.0	0.048
203	0.0	0.182
204	0.0	0.0
205	0.0	0.037
206	0.0	0.053
207	0.0	0.008
208	0.042	0.0
209	0.11	0.026
210	0.0	0.017
211	0.0	0.029
212	0.0	0.065
213	0.005	0.04
214	0.06	0.0
215	0.0	0.0
216	0.0	0.091
217	0.0	0.061
218	0.0	0.029
219	0.0	0.021
220	0.0	0.014
221	0.0	0.016
222	0.0	0.0
223	0.0	0.0
224	0.0	0.008
225	0.0	0.026
226	0.0	0.077
227	0.0	0.074
228	0.0	0.008
229	0.0	0.025
230	0.0	0.0
231	0.046	0.014
232	0.0	0.019
233	0.0	0.01
234	0.01	0.02
235	0.0	0.017
236	0.005	0.033
237	0.0	0.0
238	0.0	0.045
239	0.0	0.007
240	0.0	0.04
241	0.027	0.027
242	0.0	0.05
243	0.008	0.022
244	0.05	0.044
245	0.0	0.008
246	0.0	0.017
247	0.101	0.022
248	0.003	0.028
249	0.0	0.014
250	0.002	0.0
251	0.0	0.016
252	0.0	0.026
253	0.0	0.04
254	0.0	0.042
255	0.0	0.052
256	0.0	0.016
257	0.0	0.029
258	0.0	0.052
259	0.0	0.052
260	0.0	0.049
261	0.0	0.03
262	0.0	0.013
263	0.057	0.011
264	0.0	0.009
265	0.0	0.0
266	0.0	0.047
267	0.0	0.022
268	0.0	0.029
269	0.0	0.028
270	0.0	0.011
271	0.004	0.021
272	0.0	0.016
273	0.0	0.024
274	0.04	0.015
275	0.0	0.019
276	0.046	0.012
277	0.003	0.154
278	0.0	0.034
279	0.0	0.019
280	0.064	0.038
281	0.03	0.038
282	0.0	0.032
283	0.0	0.0
284	0.0	0.034
285	0.01	0.026
286	0.0	0.031
287	0.109	0.043
288	0.0	0.023
289	0.0	0.037
290	0.0	0.0
291	0.0	0.036
292	0.0	0.0
293	0.0	0.03
294	0.006	0.034
295	0.082	0.04
296	0.008	0.022
297	0.01	0.031
298	0.0	0.016
299	0.002	0.102
300	0.0	0.007
301	0.0	0.0
302	0.0	1.0
303	0.0	0.0
304	0.054	0.034
305	0.0	0.039
306	0.0	0.0
307	0.001	0.02
308	0.0	0.037
309	0.0	0.024
310	0.0	0.024
311	0.0	0.044
312	0.017	0.023
313	0.0	0.013
314	0.014	0.027
315	0.0	0.022
316	0.015	0.019
317	0.014	0.013
318	0.0	0.035
319	0.07	0.012
320	0.0	0.021
321	0.0	0.017
322	0.001	0.013
323	0.0	0.017
324	0.0	0.024
325	0.0	0.022
326	0.0	0.021
327	0.0	0.021
328	0.0	0.024
329	0.0	0.04
330	0.0	0.107
331	0.175	0.008
332	0.007	0.048
333	0.0	0.048
334	0.0	0.027
335	0.0	0.055
336	0.016	0.051
337	0.0	0.038
338	0.0	0.042
339	0.026	0.059
340	0.0	0.02
341	0.015	0.042
342	0.0	0.034
343	0.013	0.049
344	0.027	0.017
345	0.031	0.01
346	0.0	0.143
347	0.0	0.105
348	0.0	0.02
349	0.0	0.029
350	0.026	0.022
351	0.0	0.03
352	0.0	0.014
353	0.0	0.077
354	0.0	0.023
355	0.0	0.057
356	0.057	0.022
357	0.0	0.018
358	0.001	0.047
359	0.014	0.037
360	0.0	0.022
361	0.0	0.027
362	0.0	0.017
363	0.0	0.014
364	0.029	0.017
365	0.019	0.022
366	0.027	0.0
367	0.058	0.048
368	0.15	0.05
369	0.0	0.017
370	0.032	0.03
371	0.0	0.0
372	0.0	0.039
373	0.029	0.025
374	0.0	0.0
375	0.0	0.125
376	0.0	0.014
377	0.0	0.091
378	0.0	0.01
379	0.036	0.0
380	0.072	0.012
381	0.013	0.011
382	0.02	0.02
383	0.0	0.018
384	0.007	0.038
385	0.0	0.046
386	0.011	0.041
387	0.007	0.037
388	0.001	0.023
389	0.0	0.062
390	0.0	0.01
391	0.0	0.015
392	0.0	0.013
393	0.0	0.12
394	0.0	0.028
395	0.0	0.018
396	0.014	0.02
397	0.028	0.022
398	0.0	0.052
399	0.0	0.048
400	0.013	0.039
401	0.002	0.023
402	0.026	0.049
403	0.001	0.033
404	0.0	0.025
405	0.0	0.022
406	0.0	0.019
407	0.0	0.021
408	0.0	0.004
409	0.0	0.0
410	0.0	0.017
411	0.005	0.031
412	0.011	0.018
413	0.066	0.006
414	0.0	0.004
415	0.0	0.038
416	0.0	0.021
417	0.0	0.154
418	0.0	0.028
419	0.006	0.03
420	0.055	0.022
421	0.0	0.016
422	0.039	0.0
423	0.03	0.037
424	0.006	0.053
425	0.004	0.043
426	0.0	0.01
427	0.0	0.035
428	0.002	0.006
429	0.019	0.009
430	0.0	0.042
431	0.0	0.03
432	0.0	0.003
433	0.074	0.037
434	0.0	0.03
435	0.006	0.038
436	0.0	0.022
437	0.011	0.061
438	0.0	0.012
439	0.0	0.029
440	0.0	0.019
441	0.004	0.024
442	0.021	0.062
443	0.0	0.027
444	0.0	0.015
445	0.0	0.008
446	0.0	0.025
447	0.001	0.022
448	0.0	0.559
449	0.0	0.029
450	0.0	0.045
451	0.024	0.021
452	0.004	0.022
453	0.0	0.024
454	0.0	0.031
455	0.0	0.024
456	0.0	0.053
457	0.0	0.015
458	0.009	0.023
459	0.004	0.022
460	0.0	0.031
461	0.0	0.03
462	0.0	0.055
463	0.047	0.003
464	0.003	0.092
465	0.0	0.016
466	0.0	0.036
467	0.0	0.017
468	0.046	0.03
469	0.0	0.026
470	0.0	0.335
471	0.0	0.034
472	0.0	0.023
473	0.0	0.063
474	0.0	0.029
475	0.0	0.059
476	0.0	0.027
477	0.0	0.021
478	0.0	0.02
479	0.0	0.027
480	0.0	0.04
481	0.002	0.022
482	0.0	0.043
483	0.045	0.038
484	0.0	0.016
485	0.0	0.027
486	0.0	0.032
487	0.0	0.026
488	0.0	0.019
489	0.02	0.011
490	0.0	0.0
491	0.0	0.03
492	0.0	0.024
493	0.0	0.03
494	0.0	0.02
495	0.008	0.032
496	0.0	0.04
497	0.013	0.037
498	0.32	0.018
499	0.0	0.015
500	0.0	0.039
501	0.0	0.032
502	0.0	0.032
503	0.0	0.053
504	0.0	0.034
505	0.0	0.038
506	0.0	0.019
507	0.0	0.028
508	0.0	0.038
509	0.026	0.03
510	0.0	0.018
511	0.0	0.027
512	0.0	0.031
513	0.0	0.024
514	0.0	0.055
515	0.0	0.045
516	0.0	0.025
517	0.0	1.0
518	0.0	0.0
519	0.0	0.017
520	0.0	0.026
521	0.0	0.031
522	0.0	0.041
523	0.0	0.019
524	0.0	0.093
525	0.0	0.067
526	0.0	0.039
527	0.0	0.064
528	0.0	0.064
529	0.0	0.044
530	0.0	0.017
531	0.0	0.02
532	0.0	0.02
533	0.0	0.024
534	0.0	0.027
535	0.0	0.074
536	0.0	0.049
537	0.0	0.036
538	0.0	0.031
539	0.0	0.16
540	0.0	0.093
541	0.028	0.04
542	0.0	0.001
543	0.0	0.02
544	0.0	0.03
545	0.0	0.1
546	0.0	0.0
547	0.0	0.021
548	0.009	0.025
549	0.0	0.022
550	0.014	0.038
551	0.0	0.024
552	0.009	0.0
553	0.0	0.034
554	0.04	0.017
555	0.0	0.034
556	0.0	0.049
557	0.0	0.021
558	0.0	0.02
559	0.028	0.0
560	0.0	0.0
561	0.002	0.01
562	0.0	0.0
563	0.002	0.039
564	0.006	0.016
565	0.0	0.03
566	0.0	0.03
567	0.0	0.116
568	0.002	0.028
569	0.01	0.017
570	0.008	0.037
571	0.032	0.025
572	0.0	0.016
573	0.0	0.015
574	0.011	0.014
575	0.004	0.018
576	0.0	0.026
577	0.005	0.077
578	0.0	0.019
579	0.0	0.016
580	0.0	0.011
581	0.0	0.031
582	0.0	0.018
583	0.0	0.031
584	0.0	0.014
585	0.0	0.025
586	0.029	0.016
587	0.0	0.009
588	0.006	0.028
589	0.032	0.028
590	0.054	0.016
591	0.0	0.0
592	0.0	0.037
593	0.008	0.016
594	0.024	0.011
595	0.0	0.0
596	0.01	0.009
597	0.0	0.0
598	0.012	0.019
599	0.038	0.031
600	0.005	0.01
601	0.0	0.062
602	0.0	0.013
603	0.0	0.038
604	0.053	0.038
605	0.0	0.023
606	0.0	0.039
607	0.0	0.008
608	0.0	0.0
609	0.0	0.013
610	0.0	0.021
611	0.0	0.031
612	0.093	0.032
613	0.0	0.01
614	0.0	0.029
615	0.0	0.013
616	0.0	0.045
617	0.008	0.038
618	0.006	0.022
619	0.013	0.147
620	0.076	0.051
621	0.0	0.105
622	0.024	0.043
623	0.0	0.076
624	0.021	0.046
625	0.0	0.063
626	0.0	0.039
627	0.0	0.004
628	0.001	0.013
629	0.03	0.019
630	0.0	0.042
631	0.0	0.022
632	0.0	0.039
633	0.0	0.029
634	0.0	0.047
635	0.0	0.086
636	0.0	0.036
637	0.0	0.084
638	0.0	0.045
639	0.023	0.05
640	0.0	0.125
641	0.0	0.069
642	0.009	0.047
643	0.023	0.034
644	0.0	0.0
645	0.013	0.027
646	0.0	0.035
647	0.0	0.043
648	0.0	0.031
649	0.019	0.088
650	0.0	0.044
651	0.0	0.042
652	0.0	0.02
653	0.0	0.038
654	0.0	0.0
655	0.0	0.038
656	0.0	0.03
657	0.0	0.031
658	0.001	0.041
659	0.0	0.059
660	0.077	0.037
661	0.0	0.0
662	0.0	0.026
663	0.044	0.042
664	0.049	0.032
665	0.0	0.023
666	0.0	0.055
667	0.018	0.025
668	0.01	0.025
669	0.001	0.021
670	0.0	0.027
671	0.0	0.031
672	0.0	0.034
673	0.0	0.03
674	0.0	0.065
675	0.0	0.049
676	0.0	0.009
677	0.0	0.036
678	0.063	0.024
679	0.026	0.025
680	0.001	0.032
681	0.0	0.027
682	0.018	0.016
683	0.021	0.008
684	0.033	0.0
685	0.0	0.032
686	0.0	0.0
687	0.0	0.051
688	0.034	0.016
689	0.034	0.008
690	0.0	0.016
691	0.031	0.02
692	0.0	0.216
693	0.0	0.014
694	0.0	0.018
695	0.0	0.131
696	0.0	0.013
697	0.0	0.021
698	0.0	0.034
699	0.006	0.019
700	0.0	0.028
701	0.032	0.008
702	0.073	0.018
703	0.0	0.04
704	0.0	0.05
705	0.0	0.048
706	0.0	0.03
707	0.0	0.026
708	0.001	0.015
709	0.093	0.039
710	0.0	0.0
711	0.002	0.021
712	0.013	0.013
713	0.006	0.011
714	0.03	0.044
715	0.004	0.008
716	0.0	0.01
717	0.0	0.0
718	0.003	0.031
719	0.026	0.018
720	0.015	0.046
721	0.008	0.04
722	0.018	0.029
723	0.021	0.036
724	0.0	0.0
725	0.0	0.058
726	0.0	0.042
727	0.0	0.043
728	0.0	0.028
729	0.007	0.007
730	0.03	0.036
731	0.0	0.026
732	0.0	0.02
733	0.0	0.008
734	0.0	0.017
735	0.0	0.023
736	0.0	0.022
737	0.0	0.01
738	0.0	0.017
739	0.039	0.04
740	0.0	0.022
741	0.051	0.053
742	0.0	0.0
743	0.0	0.074
744	0.0	0.013
745	0.033	0.027
746	0.034	0.012
747	0.006	0.01
748	0.028	0.0
749	0.0	0.008
750	0.0	0.014
751	0.011	0.021
752	0.0	0.011
753	0.017	0.03
754	0.0	0.07
755	0.01	0.006
756	0.0	0.013
757	0.0	0.026
758	0.0	0.047
759	0.0	0.035
760	0.0	0.033
761	0.062	0.044
762	0.0	0.029
763	0.0	0.061
764	0.0	0.0
765	0.0	0.016
766	0.0	0.016
767	0.006	0.017
768	0.012	0.013
769	0.0	0.0
770	0.0	0.056
771	0.015	0.006
772	0.0	0.04
773	0.022	0.048
774	0.003	0.042
775	0.032	0.006
776	0.0	0.026
777	0.0	0.055
778	0.0	0.032
779	0.0	0.017
780	0.0	0.038
781	0.0	0.009
782	0.0	0.042
783	0.014	0.007
784	0.061	0.033
785	0.0	0.046
786	0.013	0.035
787	0.102	0.01
788	0.0	0.032
789	0.0	0.024
790	0.0	0.0
791	0.024	0.0
792	0.0	0.05
793	0.0	0.016
794	0.0	0.017
795	0.0	0.018
796	0.0	0.01
797	0.0	0.061
798	0.045	0.0
799	0.0	0.0
800	0.003	0.025
801	0.041	0.006
802	0.058	0.036
803	0.0	0.062
804	0.0	0.045
805	0.0	0.067
806	0.037	0.038
807	0.0	0.029
808	0.0	0.0
809	0.0	0.04
810	0.0	0.009
811	0.006	0.0
812	0.052	0.018
813	0.003	0.014
814	0.011	0.009
815	0.017	0.014
816	0.015	0.052
817	0.06	0.008
818	0.003	0.013
819	0.003	0.019
820	0.0	0.0
821	0.0	0.041
822	0.0	0.028
823	0.0	0.075
824	0.0	0.037
825	0.005	0.096
826	0.0	0.035
827	0.0	0.035
828	0.0	0.022
829	0.001	0.026
830	0.0	0.064
831	0.005	0.03
832	0.052	0.028
833	0.0	0.008
834	0.0	0.0
835	0.002	0.017
836	0.02	0.0
837	0.014	0.0
838	0.0	0.054
839	0.0	0.0
840	0.049	0.022
841	0.016	0.027
842	0.0	0.025
843	0.0	0.045
844	0.043	0.026
845	0.022	0.0
846	0.0	0.019
847	0.057	0.0
848	0.029	0.044
849	0.0	0.01
850	0.0	0.017
851	0.017	0.0
852	0.002	0.024
853	0.0	0.014
854	0.0	0.077
855	0.0	0.0
856	0.009	0.029
857	0.04	0.032
858	0.004	0.1
859	0.0	0.058
860	0.0	0.15
861	0.013	0.061
862	0.059	0.044
863	0.0	0.036
864	0.0	0.061
865	0.01	0.027
866	0.005	0.0
867	0.085	0.182
868	0.059	0.062
869	0.0	0.0
870	0.0	0.156
871	0.0	0.102
872	0.0	0.059
873	0.0	0.038
874	0.0	0.023
875	0.0	0.084
876	0.0	0.033
877	0.033	0.065
878	0.0	0.053
879	0.0	1.0
880	0.016	0.032
881	0.072	0.13
882	0.0	0.017
883	0.0	0.02
884	0.0	0.118
885	0.0	0.0
886	0.007	0.03
887	0.012	0.036
888	0.0	0.002
889	0.0	0.023
890	0.093	0.013
891	0.0	0.0
892	0.0	0.018
893	0.0	0.017
894	0.0	0.031
895	0.04	0.019
896	0.004	0.061
897	0.0	0.027
898	0.007	0.043
899	0.017	0.076
900	0.0	0.043
901	0.0	0.005
902	0.0	0.0
903	0.024	0.02
904	0.006	0.063
905	0.0	0.048
906	0.0	0.091
907	0.0	0.062
908	0.0	0.024
909	0.005	0.029
910	0.0	0.027
911	0.0	0.019
912	0.0	0.012
913	0.055	0.035
914	0.0	0.019
915	0.037	0.028
916	0.026	0.018
917	0.0	0.009
918	0.0	0.0
919	0.109	0.045
920	0.311	0.011
921	0.007	0.042
922	0.0	0.051
923	0.0	0.05
924	0.028	0.0
925	0.0	0.014
926	0.0	0.045
927	0.0	0.008
928	0.017	0.036
929	0.0	0.0
930	0.002	0.0
931	0.0	0.0
932	0.0	0.0
933	0.043	0.007
934	0.009	0.027
935	0.07	0.033
936	0.0	0.019
937	0.0	0.014
938	0.0	0.032
939	0.04	0.027
940	0.0	0.056
941	0.0	0.025
942	0.0	0.045
943	0.0	0.044
944	0.025	0.029
945	0.0	0.075
946	0.0	0.047
947	0.003	0.019
948	0.0	0.033
949	0.0	0.014
950	0.043	0.026
951	0.033	0.026
952	0.018	0.056
953	0.0	0.057
954	0.0	0.023
955	0.3	0.041
956	0.05	0.161
957	0.006	0.0
958	0.0	0.05
959	0.0	0.064
960	0.0	0.05
961	0.015	0.042
962	0.0	0.092
963	0.0	0.016
964	0.0	0.05
965	0.0	0.034
966	0.0	0.043
967	0.0	0.047
968	0.0	0.047
969	0.0	0.043
970	0.0	0.035
971	0.0	0.05
972	0.0	0.041
973	0.0	0.043
974	0.0	0.05
975	0.0	0.0
976	0.0	0.048
977	0.0	0.071
978	0.027	0.123
979	0.0	0.017
980	0.0	0.011
981	0.031	0.023
982	0.018	0.012
983	0.0	0.038
984	0.0	1.0
985	0.0	0.056
986	0.023	0.014
987	0.0	0.0
988	0.0	0.044
989	0.0	0.06
990	0.0	0.037
991	0.0	0.049
992	0.0	0.039
993	0.028	0.054
994	0.0	0.039
995	0.0	0.032
996	0.078	0.013
997	0.008	0.013
998	0.046	0.022
999	0.0	0.015
1000	0.01	0.021
1001	0.019	0.05
1002	0.012	0.039
1003	0.0	0.02
1004	0.018	0.034
1005	0.0	0.132
1006	0.0	0.028
1007	0.0	0.051
1008	0.0	0.029
1009	0.0	0.018
1010	0.0	0.052
1011	0.004	0.029
1012	0.0	0.047
1013	0.064	0.01
1014	0.0	0.051
1015	0.095	0.069
1016	0.0	0.034
1017	0.0	0.039
1018	0.0	0.051
1019	0.0	0.036
1020	0.0	0.036
1021	0.0	0.055
1022	0.0	0.04
1023	0.0	0.045
1024	0.0	0.024
1025	0.0	0.057
1026	0.0	0.046
1027	0.0	0.0
1028	0.017	0.114
1029	0.03	0.017
1030	0.0	0.014
1031	0.217	0.026
1032	0.0	0.0
1033	0.0	0.042
1034	0.031	0.0
1035	0.0	0.065
1036	0.0	0.038
1037	0.0	0.048
1038	0.037	0.027
1039	0.0	0.037
1040	0.016	0.016
1041	0.028	0.013
1042	0.021	0.028
1043	0.041	0.075
1044	0.0	0.045
1045	0.0	0.047
1046	0.014	0.044
1047	0.0	0.047
1048	0.0	0.049
1049	0.0	0.041
1050	0.0	0.048
1051	0.0	0.044
1052	0.0	0.05
1053	0.039	0.041
1054	0.164	0.042
1055	0.0	0.042
1056	0.0	0.0
1057	0.0	0.062
1058	0.0	0.023
1059	0.049	0.061
1060	0.076	0.051
1061	0.0	0.118
1062	0.009	0.019
1063	0.03	0.03
1064	0.001	0.0
1065	0.059	0.041
1066	0.0	0.207
1067	0.0	0.048
1068	0.0	0.031
1069	0.0	0.125
1070	0.0	0.018
1071	0.0	0.042
1072	0.004	0.016
1073	0.0	0.006
1074	0.003	0.05
1075	0.079	0.079
1076	0.003	0.04
1077	0.051	0.006
1078	0.026	0.007
1079	0.0	0.025
1080	0.027	0.025
1081	0.0	0.038
1082	0.114	0.041
1083	0.025	0.095
1084	0.058	0.085
1085	0.0	0.016
1086	0.011	0.011
1087	0.049	0.069
1088	0.012	0.2
1089	0.023	0.047
1090	0.015	0.106
1091	0.061	0.08
1092	0.037	0.074
1093	0.025	0.143
1094	0.0	0.043
1095	0.043	0.035
1096	0.036	0.013
1097	0.0	0.052
1098	0.0	0.069
1099	0.0	0.092
1100	0.0	0.138
1101	0.0	0.038
1102	0.0	0.041
1103	0.046	0.063
1104	0.01	0.05
1105	0.012	0.073
1106	0.065	0.057
1107	0.008	0.063
1108	0.01	0.05
1109	0.078	0.042
1110	0.0	0.0
1111	0.011	0.059
1112	0.011	0.189
1113	0.01	0.147
1114	0.07	0.105
1115	0.012	0.106
1116	0.01	0.036
1117	0.012	0.327
1118	0.085	0.089
1119	0.009	0.071
1120	0.048	0.095
1121	0.01	0.078
1122	0.038	0.887
1123	0.042	0.07
1124	0.0	0.06
1125	0.0	0.055
1126	0.017	0.082
1127	0.0	0.096
1128	0.064	0.066
1129	0.0	0.146
1130	0.011	0.258
1131	0.01	0.105
1132	0.008	0.156
1133	0.012	0.138
1134	0.0	0.071
1135	0.0	0.09
1136	0.0	0.05
1137	0.138	0.038
1138	0.0	0.044
1139	0.013	0.022
1140	0.069	0.041
1141	0.014	0.112
1142	0.009	0.08
1143	0.011	0.093
1144	0.095	0.081
1145	0.016	0.341
1146	0.072	0.039
1147	0.015	0.046
1148	0.0	0.0
1149	0.018	0.073
1150	0.009	0.353
1151	0.105	0.203
1152	0.009	0.022
1153	0.018	0.078
1154	0.013	0.133
1155	0.011	0.218
1156	0.01	0.266
1157	0.029	0.542
1158	0.02	0.019
1159	0.0	0.0
1160	0.003	0.016
1161	0.001	0.026
1162	0.059	0.125
1163	0.012	0.044
1164	0.015	0.123
1165	0.051	0.045
1166	0.0	0.074
1167	0.0	0.036
1168	0.036	0.04
1169	0.059	0.043
1170	0.006	0.032
1171	0.0	0.0
1172	0.019	0.014
1173	0.0	0.058
1174	0.095	0.054
1175	0.0	0.05
1176	0.119	0.036
1177	0.371	0.047
1178	0.0	0.045
1179	0.0	0.026
1180	0.0	0.062
1181	0.008	0.033
1182	0.0	0.023
1183	0.0	0.079
1184	0.004	0.011
1185	0.102	0.131
1186	0.0	0.004
1187	0.0	0.0
1188	0.0	0.022
1189	0.051	0.0
1190	0.021	0.01
1191	0.019	0.312
1192	0.051	0.027
1193	0.0	0.047
1194	0.0	0.055
1195	0.0	0.053
1196	0.003	0.011
1197	0.0	0.0
1198	0.054	0.039
1199	0.003	0.052
1200	0.009	0.007
1201	0.059	0.0
1202	0.146	0.05
1203	0.047	0.003
1204	0.0	0.0
1205	0.0	0.75
1206	0.0	0.007
1207	0.0	0.028
1208	0.0	0.0
1209	0.0	0.083
1210	0.0	0.004
1211	0.0	0.019
1212	0.031	0.016
1213	0.028	0.027
1214	0.005	0.0
1215	0.0	0.0
1216	0.003	0.053
1217	0.0	0.047
1218	0.0	0.062
1219	0.0	0.059
1220	0.0	0.063
1221	0.5	0.055
1222	0.077	0.06
1223	0.003	0.027
1224	0.075	0.039
1225	0.045	0.059
1226	0.0	0.021
1227	0.007	0.048
1228	0.041	0.007
1229	0.086	0.053
1230	0.0	0.037
1231	0.0	0.0
1232	0.0	0.018
1233	0.0	0.052
1234	0.037	0.025
1235	0.0	0.143
1236	0.0	0.025
1237	0.0	0.024
1238	0.041	0.043
1239	0.037	0.032
1240	0.0	0.0
1241	0.0	0.022
1242	0.009	0.023
1243	0.0	0.043
1244	0.056	0.008
1245	0.0	0.062
1246	0.0	0.079
1247	0.0	0.037
1248	0.0	0.125
1249	0.002	0.056
1250	0.0	0.013
1251	0.0	0.104
1252	0.0	0.026
1253	0.045	0.059
1254	0.0	0.013
1255	0.0	0.045
1256	0.0	0.045
1257	0.065	0.058
1258	0.0	0.06
1259	0.0	0.049
1260	0.0	0.007
1261	0.017	0.045
1262	0.184	0.114
1263	0.023	0.028
1264	0.0	0.061
1265	0.059	0.031
1266	0.006	0.034
1267	0.0	0.018
1268	0.037	0.088
1269	0.0	0.023
1270	0.025	0.01
1271	0.023	0.067
1272	0.004	0.02
1273	0.085	0.0
1274	0.0	0.4
1275	0.0	0.125
1276	0.0	0.0
1277	0.0	0.333
1278	0.005	0.016
1279	0.061	0.15
1280	0.0	0.006
1281	0.0	0.017
1282	0.0	0.018
1283	0.0	0.0
1284	0.0	0.026
1285	0.0	0.0
1286	0.0	0.009
1287	0.0	0.0
1288	0.0	0.023
1289	0.046	0.058
1290	0.001	0.0
1291	0.0	0.05
1292	0.0	0.01
1293	0.0	0.023
1294	0.079	0.0
1295	0.003	0.056
1296	0.003	0.013
1297	0.018	0.027
1298	0.0	0.119
1299	0.039	0.04
1300	0.08	0.0
1301	0.0	0.043
1302	0.023	0.017
1303	0.0	0.114
1304	0.041	0.033
1305	0.0	0.053
1306	0.007	0.046
1307	0.0	0.061
1308	0.031	0.0
1309	0.0	0.051
1310	0.0	0.015
1311	0.0	0.062
1312	0.018	0.052
1313	0.02	0.027
1314	0.021	0.049
1315	0.0	0.045
1316	0.046	0.01
1317	0.0	0.0
1318	0.024	0.007
1319	0.084	0.014
1320	0.0	0.0
1321	0.014	0.184
1322	0.006	0.333
1323	0.014	0.074
1324	0.0	0.091
1325	0.0	0.088
1326	0.0	0.0
1327	0.0	0.029
1328	0.041	0.857
1329	0.0	0.071
1330	0.016	0.049
1331	0.0	0.008
1332	0.0	0.013
1333	0.053	0.167
1334	0.0	0.0
1335	0.0	0.0
1336	0.005	0.02
1337	0.032	0.008
1338	0.009	0.006
1339	0.017	0.009
1340	0.001	0.06
1341	0.012	0.008
1342	0.009	0.009
1343	0.016	0.016
1344	0.021	0.026
1345	0.024	0.049
1346	0.0	0.019
1347	0.0	0.0
1348	0.002	0.189
1349	0.0	0.048
1350	0.0	0.064
1351	0.0	0.039
1352	0.0	0.043
1353	0.0	0.015
1354	0.009	0.037
1355	0.03	0.036
1356	0.0	0.041
1357	0.0	0.162
1358	0.0	0.025
1359	0.0	0.021
1360	0.026	0.04
1361	0.0	0.068
1362	0.0	0.01
1363	0.029	0.0
1364	0.0	0.027
1365	0.0	0.1
1366	0.236	0.385
1367	0.003	0.005
1368	0.0	0.006
1369	0.0	0.041
1370	0.0	0.026
1371	0.0	0.125
1372	0.019	0.0
1373	0.0	0.222
1374	0.007	0.017
1375	0.146	0.078
1376	0.015	0.0
1377	0.0	0.012
1378	0.024	0.047
1379	0.009	0.043
1380	0.038	0.005
1381	0.0	0.1
1382	0.0	0.049
1383	0.043	0.057
1384	0.005	0.022
1385	0.006	0.024
1386	0.0	0.0
1387	0.0	0.0
1388	0.078	0.06
1389	0.0	0.079
1390	0.0	0.115
1391	0.0	0.018
1392	0.072	0.005
1393	0.0	0.007
1394	0.0	0.052
1395	0.005	0.048
1396	0.0	0.035
1397	0.022	0.034
1398	0.0	0.0
1399	0.001	0.036
1400	0.0	0.029
1401	0.003	0.024
1402	0.0	0.028
1403	0.037	0.056
1404	0.0	0.019
1405	0.0	0.024
1406	0.005	0.034
1407	0.005	0.171
1408	0.063	0.015
1409	0.0	0.035
1410	0.007	0.028
1411	0.0	0.04
1412	0.0	0.036
1413	0.0	0.0
1414	0.0	0.052
1415	0.044	0.082
1416	0.0	0.041
1417	0.0	0.035
1418	0.011	0.029
1419	0.0	0.034
1420	0.0	0.0
1421	0.123	0.062
1422	0.0	0.0
1423	0.0	0.012
1424	0.0	0.024
1425	0.0	0.0
1426	0.0	0.011
1427	0.004	0.028
1428	0.001	0.016
1429	0.037	0.028
1430	0.007	0.0
1431	0.0	0.0
1432	0.0	0.0
1433	0.023	0.018
1434	0.0	0.013
1435	0.021	0.024
1436	0.0	0.056
1437	0.012	0.01
1438	0.0	0.048
1439	0.018	0.047
1440	0.021	0.088
1441	0.0	0.041
1442	0.0	0.017
1443	0.0	0.054
1444	0.0	0.07
1445	0.0	0.05
1446	0.0	0.043
1447	0.0	0.042
1448	0.0	0.051
1449	0.001	0.01
1450	0.013	0.138
1451	0.0	0.01
1452	0.039	0.022
1453	0.0	0.029
1454	0.0	0.029
1455	0.0	0.025
1456	0.0	0.237
1457	0.0	0.02
1458	0.094	0.057
1459	0.033	0.029
1460	0.035	0.0
1461	0.0	0.167
1462	0.0	0.0
1463	0.0	0.048
1464	0.0	0.0
1465	0.0	0.009
1466	0.0	0.065
1467	0.029	0.0
1468	0.0	0.029
1469	0.0	0.01
1470	0.007	0.043
1471	0.054	0.054
1472	0.012	0.022
1473	0.0	0.0
1474	0.002	0.008
1475	0.0	0.0
1476	0.0	0.041
1477	0.0	0.121
1478	0.073	0.0
1479	0.0	0.143
1480	0.008	0.01
1481	0.032	0.024
1482	0.0	0.019
1483	0.0	0.031
1484	0.0	0.05
1485	0.0	0.0
1486	0.089	0.0
1487	0.0	0.029
1488	0.0	0.027
1489	0.0	0.024
1490	0.0	0.021
1491	0.036	0.023
1492	0.0	0.168
1493	0.0	0.0
1494	0.0	0.034
1495	0.001	0.053
1496	0.25	0.019
1497	0.083	0.01
1498	0.038	0.059
1499	0.036	0.0
1500	0.0	0.034
1501	0.0	0.016
1502	0.075	0.176
1503	0.006	0.062
1504	0.0	0.041
1505	0.0	0.034
1506	0.02	0.015
1507	0.019	0.006
1508	0.0	0.111
1509	0.0	0.035
1510	0.004	0.1
1511	0.0	0.04
1512	0.0	0.044
1513	0.021	0.039
1514	0.0	0.039
1515	0.0	0.027
1516	0.02	0.037
1517	0.0	0.058
1518	0.03	0.006
1519	0.0	0.031
1520	0.057	0.039
1521	0.0	0.0
1522	0.0	0.082
1523	0.014	0.009
1524	0.002	0.041
1525	0.0	0.007
1526	0.004	0.043
1527	0.057	0.053
1528	0.0	0.01
1529	0.003	0.053
1530	0.0	0.125
1531	0.0	0.032
1532	0.0	0.041
1533	0.003	0.028
1534	0.0	0.035
1535	0.034	0.067
1536	0.0	0.022
1537	0.005	0.038
1538	0.0	0.0
1539	0.0	0.032
1540	0.0	0.027
1541	0.0	0.019
1542	0.0	0.014
1543	0.011	0.022
1544	0.0	0.037
1545	0.0	0.041
1546	0.0	0.046
1547	0.037	0.028
1548	0.0	0.025
1549	0.0	0.033
1550	0.0	0.027
1551	0.0	0.03
1552	0.017	0.034
1553	0.0	0.044
1554	0.0	0.024
1555	0.0	0.019
1556	0.0	0.085
1557	0.0	0.023
1558	0.08	0.06
1559	0.0	0.034
1560	0.0	0.061
1561	0.0	0.059
1562	0.003	0.039
1563	0.017	0.05
1564	0.0	0.004
1565	0.0	0.03
1566	0.038	0.021
1567	0.0	0.007
1568	0.005	0.056
1569	0.0	0.023
1570	0.017	0.036
1571	0.01	0.041
1572	0.027	0.067
1573	0.046	0.323
1574	0.021	0.651
1575	0.0	0.031
1576	0.0	0.077
1577	0.002	0.039
1578	0.0	0.049
1579	0.0	0.032
1580	0.0	0.035
1581	0.0	0.034
1582	0.0	0.039
1583	0.0	0.046
1584	0.0	0.047
1585	0.0	0.057
1586	0.0	0.041
1587	0.0	0.033
1588	0.0	0.02
1589	0.0	0.013
1590	0.012	0.021
1591	0.004	0.011
1592	0.107	0.083
1593	0.011	0.009
1594	0.016	0.051
1595	0.03	0.044
1596	0.072	0.036
1597	0.0	0.0
1598	0.0	0.077
1599	0.0	0.0
1600	0.0	0.046
1601	0.0	0.0
1602	0.0	0.071
1603	0.0	0.024
1604	0.0	0.05
1605	0.0	0.096
1606	0.0	0.113
1607	0.004	0.038
1608	0.0	0.059
1609	0.032	0.219
1610	0.0	0.02
1611	0.0	0.025
1612	0.005	0.035
1613	0.0	0.027
1614	0.0	0.02
1615	0.0	0.004
1616	0.0	0.008
1617	0.006	0.0
1618	0.039	0.079
1619	0.0	0.015
1620	0.0	0.008
1621	0.045	0.0
1622	0.0	0.04
1623	0.016	0.021
1624	0.058	0.0
1625	0.008	0.029
1626	0.0	0.008
1627	0.053	0.073
1628	0.0	0.023
1629	0.0	0.009
1630	0.04	0.014
1631	0.0	0.083
1632	0.014	0.037
1633	0.07	0.0
1634	0.004	0.002
1635	0.008	0.036
1636	0.019	0.074
1637	0.032	0.018
1638	0.004	0.015
1639	0.0	0.019
1640	0.0	0.016
1641	0.026	0.408
1642	0.0	0.034
1643	0.001	0.013
1644	0.0	0.039
1645	0.0	0.0
1646	0.004	0.075
1647	0.006	0.0
1648	0.0	0.247
1649	0.0	0.024
1650	0.0	0.035
1651	0.0	0.037
1652	0.075	0.049
1653	0.0	0.046
1654	0.0	0.03
1655	0.0	0.029
1656	0.0	0.039
1657	0.0	0.024
1658	0.0	0.012
1659	0.0	0.036
1660	0.018	0.031
1661	0.0	0.031
1662	0.006	0.005
1663	0.069	0.01
1664	0.001	0.034
1665	0.0	0.045
1666	0.0	0.034
1667	0.0	0.023
1668	0.0	0.044
1669	0.046	0.044
1670	0.058	0.048
1671	0.007	0.028
1672	0.004	0.032
1673	0.0	0.033
1674	0.0	0.035
1675	0.0	0.032
1676	0.0	0.027
1677	0.0	0.022
1678	0.0	0.0
1679	0.0	0.021
1680	0.0	0.051
1681	0.0	0.017
1682	0.054	0.0
1683	0.039	0.0
1684	0.0	0.03
1685	0.033	0.068
1686	0.0	0.024
1687	0.0	0.048
1688	0.0	0.052
1689	0.011	0.04
1690	0.007	0.038
1691	0.0	0.064
1692	0.0	0.024
1693	0.0	0.139
1694	0.073	0.006
1695	0.003	0.019
1696	0.011	0.021
1697	0.004	0.029
1698	0.0	0.051
1699	0.0	0.027
1700	0.005	0.036
1701	0.032	0.022
1702	0.0	0.0
1703	0.0	0.022
1704	0.0	1.0
1705	0.0	0.138
1706	0.0	0.006
1707	0.0	0.019
1708	0.0	0.043
1709	0.06	0.037
1710	0.0	0.022
1711	0.0	0.273
1712	0.06	0.0
1713	0.021	0.0
1714	0.0	0.06
1715	0.0	0.025
1716	0.001	0.037
1717	0.0	0.042
1718	0.0	0.045
1719	0.0	0.025
1720	0.0	0.038
1721	0.032	0.024
1722	0.0	0.027
1723	0.017	0.087
1724	0.0	0.058
1725	0.0	0.009
1726	0.026	0.098
1727	0.054	0.016
1728	0.0	0.019
1729	0.001	0.008
1730	0.0	0.041
1731	0.02	0.048
1732	0.0	0.008
1733	0.028	0.029
1734	0.0	0.023
1735	0.0	0.083
1736	0.0	0.039
1737	0.036	0.025
1738	0.0	0.034
1739	0.0	0.053
1740	0.0	0.033
1741	0.042	0.013
1742	0.0	0.076
1743	0.0	0.096
1744	0.0	0.004
1745	0.0	0.115
1746	0.0	0.032
1747	0.0	0.091
1748	0.0	0.014
1749	0.022	0.026
1750	0.0	0.023
1751	0.042	0.043
1752	0.0	0.034
1753	0.0	0.025
1754	0.015	0.022
1755	0.001	0.039
1756	0.0	0.006
1757	0.035	0.057
1758	0.0	0.04
1759	0.0	0.02
1760	0.0	0.042
1761	0.0	0.029
1762	0.0	0.2
1763	0.043	0.009
1764	0.0	0.012
1765	0.0	0.077
1766	0.0	0.008
1767	0.0	0.0
1768	0.012	0.036
1769	0.0	0.023
1770	0.026	0.009
1771	0.0	0.0
1772	0.0	0.049
1773	0.398	0.0
1774	0.002	0.005
1775	0.0	0.0
1776	0.021	0.018
1777	0.0	0.046
1778	0.0	0.029
1779	0.0	0.014
1780	0.0	0.049
1781	0.049	0.049
1782	0.06	0.025
1783	0.0	0.055
1784	0.0	0.04
1785	0.0	0.036
1786	0.002	0.0
1787	0.0	0.0
1788	0.003	0.175
1789	0.019	0.058
1790	0.05	0.007
1791	0.0	0.029
1792	0.0	0.043
1793	0.0	0.036
1794	0.0	0.062
1795	0.006	0.039
1796	0.02	0.039
1797	0.0	0.033
1798	0.0	0.025
1799	0.0	0.021
1800	0.0	0.008
1801	0.0	0.03
1802	0.001	0.055
1803	0.052	0.04
1804	0.0	0.086
1805	0.0	0.063
1806	0.0	0.023
1807	0.0	0.04
1808	0.0	0.015
1809	0.074	0.041
1810	0.012	0.226
1811	0.002	0.029
1812	0.002	0.021
1813	0.006	0.013
1814	0.034	0.015
1815	0.0	0.063
1816	0.0	0.022
1817	0.009	0.015
1818	0.0	0.007
1819	0.071	0.083
1820	0.003	0.042
1821	0.023	0.029
1822	0.001	0.008
1823	0.043	0.04
1824	0.0	0.056
1825	0.015	0.027
1826	0.0	0.018
1827	0.0	0.065
1828	0.0	0.081
1829	0.082	0.033
1830	0.0	0.0
1831	0.007	0.048
1832	0.0	0.029
1833	0.027	0.059
1834	0.0	0.046
1835	0.012	0.081
1836	0.0	0.028
1837	0.0	0.021
1838	0.0	0.028
1839	0.081	0.086
1840	0.0	0.066
1841	0.002	0.037
1842	0.0	0.013
1843	0.0	0.038
1844	0.024	0.024
1845	0.0	0.139
1846	0.004	0.052
1847	0.0	0.027
1848	0.007	0.09
1849	0.027	0.021
1850	0.053	0.0
1851	0.0	0.0
1852	0.025	0.0
1853	0.007	0.009
1854	0.0	0.011
1855	0.002	0.016
1856	0.0	0.071
1857	0.045	0.051
1858	0.0	0.078
1859	0.013	0.021
1860	0.0	0.0
1861	0.0	0.034
1862	0.043	0.0
1863	0.0	0.01
1864	0.0	0.015
1865	0.0	0.0
1866	0.0	0.064
1867	0.026	0.021
1868	0.025	0.066
1869	0.0	0.01
1870	0.0	0.027
1871	0.002	0.122
1872	0.018	0.038
1873	0.0	0.028
1874	0.0	0.0
1875	0.0	0.002
1876	0.051	0.044
1877	0.0	0.032
1878	0.022	0.045
1879	0.001	0.286
1880	0.039	0.05
1881	0.0	0.094
1882	0.0	0.043
1883	0.007	0.0
1884	0.0	0.051
1885	0.0	0.0
1886	0.008	0.0
1887	0.105	0.019
1888	0.0	0.051
1889	0.0	0.028
1890	0.0	0.125
1891	0.0	0.048
1892	0.004	0.0
1893	0.0	0.043
1894	0.002	0.109
1895	0.007	0.125
1896	0.006	0.057
1897	0.015	0.036
1898	0.0	0.0
1899	0.0	0.143
1900	0.002	0.15
1901	0.003	0.0
1902	0.083	0.006
1903	0.0	0.096
1904	0.008	0.118
1905	0.0	0.009
1906	0.003	0.058
1907	0.066	0.049
1908	0.005	0.015
1909	0.0	0.011
1910	0.0	0.022
1911	0.0	0.026
1912	0.006	0.073
1913	0.005	0.02
1914	0.042	0.038
1915	0.003	0.052
1916	0.003	0.0
1917	0.0	0.006
1918	0.04	0.045
1919	0.046	0.019
1920	0.005	0.045
1921	0.0	0.018
1922	0.058	0.081
1923	0.002	0.045
1924	0.0	0.067
1925	0.0	0.056
1926	0.054	0.017
1927	0.054	0.013
1928	0.0	0.04
1929	0.0	0.03
1930	0.017	0.02
1931	0.0	0.029
1932	0.0	0.078
1933	0.0	0.059
1934	0.0	0.048
1935	0.004	0.048
1936	0.01	0.056
1937	0.022	0.053
1938	0.0	0.054
1939	0.033	0.012
1940	0.0	0.06
1941	0.0	0.031
1942	0.016	0.021
1943	0.054	0.143
1944	0.0	0.065
1945	0.0	0.057
1946	0.002	0.111
1947	0.003	0.036
1948	0.274	0.2
1949	0.1	0.012
1950	0.007	0.021
1951	0.0	0.09
1952	0.012	0.021
1953	0.001	0.036
1954	0.0	0.032
1955	0.014	0.011
1956	0.0	0.024
1957	0.048	0.007
1958	0.0	0.039
1959	0.0	0.031
1960	0.0	0.029
1961	0.009	0.028
1962	0.02	0.04
1963	0.103	0.192
1964	0.0	0.037
1965	0.0	0.05
1966	0.0	0.085
1967	0.0	0.0
1968	0.001	0.023
1969	0.091	0.043
1970	0.0	0.061
1971	0.0	0.008
1972	0.03	0.079
1973	0.0	0.044
1974	0.013	0.014
1975	0.0	0.002
1976	0.016	0.046
1977	0.016	0.131
1978	0.0	0.005
1979	0.0	0.064
1980	0.002	0.072
1981	0.0	0.224
1982	0.0	0.005
1983	0.027	0.042
1984	0.0	0.022
1985	0.003	0.025
1986	0.01	0.031
1987	0.011	0.029
1988	0.057	0.013
1989	0.026	0.1
1990	0.013	0.058
1991	0.051	0.052
1992	0.004	0.929
1993	0.016	0.333
1994	0.0	1.0
1995	0.085	0.244
1996	0.0	0.016
1997	0.01	0.0
1998	0.034	0.07
1999	0.011	0.042
2000	0.0	0.079
2001	0.003	0.107
2002	0.003	0.026
2003	0.046	0.053
2004	0.057	0.02
2005	0.0	0.043
2006	0.03	0.059
2007	0.0	0.079
2008	0.026	0.056
2009	0.004	0.022
2010	0.023	0.019
2011	0.007	0.006
2012	0.0	0.029
2013	0.03	0.042
2014	0.007	0.042
2015	0.002	0.017
2016	0.0	0.049
2017	0.068	0.075
2018	0.0	0.0
2019	0.0	0.042
2020	0.0	0.048
2021	0.04	0.019
2022	0.041	0.017
2023	0.0	0.16
2024	0.02	0.035
2025	0.0	0.06
2026	0.002	0.024
2027	0.015	0.091
2028	0.0	0.011
2029	0.0	0.041
2030	0.001	0.0
2031	0.0	0.059
2032	0.09	0.0
2033	0.0	0.091
2034	0.0	0.021
2035	0.0	0.364
2036	0.0	0.007
2037	0.0	0.015
2038	0.011	0.029
2039	0.0	0.048
2040	0.0	0.25
2041	0.0	0.194
2042	0.0	0.03
2043	0.0	0.0
2044	0.212	0.007
2045	0.0	0.016
2046	0.0	0.038
2047	0.0	0.029
2048	0.101	0.042
2049	0.0	0.047
2050	0.0	0.0
2051	0.061	0.059
2052	0.0	0.031
2053	0.061	0.114
2054	0.0	0.0
2055	0.0	0.0
2056	0.068	0.013
2057	0.0	0.067
2058	0.109	0.0
2059	0.0	0.025
2060	0.051	0.014
2061	0.004	0.023
2062	0.0	0.0
2063	0.048	0.031
2064	0.002	0.015
2065	0.0	0.042
2066	0.0	0.025
2067	0.0	0.045
2068	0.0	0.083
2069	0.0	0.021
2070	0.049	0.034
2071	0.027	0.047
2072	0.0	0.021
2073	0.054	0.054
2074	0.0	0.13
2075	0.099	0.04
2076	0.0	0.2
2077	0.03	0.031
2078	0.024	0.032
2079	0.0	0.049
2080	0.0	0.027
2081	0.0	0.0
2082	0.024	0.007
2083	0.076	0.008
2084	0.023	0.025
2085	0.0	0.023
2086	0.0	0.051
2087	0.034	0.026
2088	0.0	0.012
2089	0.475	0.138
2090	0.189	0.172
2091	0.086	0.169
2092	0.094	0.133
2093	0.07	0.098
2094	0.127	0.393
2095	0.106	0.359
2096	0.098	0.15
2097	0.182	0.006
2098	0.12	0.223
2099	0.174	0.556
2100	0.163	0.222
2101	0.078	0.141
2102	0.138	0.235
2103	0.102	0.273
2104	0.145	0.273
2105	0.129	0.152
2106	0.093	0.202
2107	0.058	0.089
2108	0.039	0.128
2109	0.225	0.096
2110	0.051	0.049
2111	0.089	0.168
2112	0.037	0.141
2113	0.053	0.123
2114	0.03	0.241
2115	0.041	0.016
2116	0.162	0.04
2117	0.068	0.13
2118	0.063	0.213
2119	0.073	0.042
2120	0.062	0.0
2121	0.108	0.124
2122	0.056	0.108
2123	0.08	0.056
2124	0.103	0.221
2125	0.076	0.106
2126	0.0	0.14
2127	0.09	0.162
2128	0.084	0.055
2129	0.055	0.093
2130	0.075	0.072
2131	0.043	0.107
2132	0.099	0.147
2133	0.18	0.154
2134	0.072	0.0
2135	0.099	0.107
2136	0.068	0.148
2137	0.016	0.0
2138	0.106	0.138
2139	0.063	0.045
2140	0.048	0.056
2141	0.044	0.063
2142	0.079	0.053
2143	0.038	0.014
2144	0.036	0.065
2145	0.136	0.135
2146	0.039	0.076
2147	0.0	0.14
2148	0.056	0.067
2149	0.066	0.126
2150	0.1	0.048
2151	0.035	0.165
2152	0.062	0.027
2153	0.001	0.029
2154	0.002	0.039
2155	0.063	0.019
2156	0.048	0.005
2157	0.032	0.0
2158	0.024	0.102
2159	0.042	0.032
2160	0.043	0.067
2161	0.107	0.115
2162	0.034	0.037
2163	0.013	0.053
2164	0.087	0.106
2165	0.0	0.256
2166	0.058	0.067
2167	0.05	0.111
2168	0.03	0.034
2169	0.036	0.05
2170	0.046	0.124
2171	0.111	0.069
2172	0.0	0.186
2173	0.079	1.0
2174	0.04	0.3
2175	0.026	0.135
2176	0.051	0.038
2177	0.049	0.37
2178	0.125	0.0
2179	0.028	0.048
2180	0.018	0.073
2181	0.031	0.0
2182	0.021	0.001
2183	0.043	0.038
2184	0.024	0.13
2185	0.056	0.034
2186	0.068	0.081
2187	0.129	0.05
2188	0.053	0.097
2189	0.0	0.067
2190	0.03	0.091
2191	0.049	0.147
2192	0.051	0.051
2193	0.072	0.045
2194	0.039	0.059
2195	0.039	0.049
2196	0.041	0.0
2197	0.033	0.071
2198	0.074	0.039
2199	0.03	0.012
2200	0.056	0.067
2201	0.041	0.029
2202	0.069	0.138
2203	0.047	0.02
2204	0.027	0.061
2205	0.026	0.069
2206	0.035	0.105
2207	0.068	0.061
2208	0.019	0.055
2209	0.013	0.024
2210	0.033	0.045
2211	0.019	0.0
2212	0.011	0.037
2213	0.003	0.023
2214	0.08	0.033
2215	0.049	0.015
2216	0.001	0.013
2217	0.039	0.049
2218	0.088	0.082
2219	0.021	0.02
2220	0.004	0.035
2221	0.003	0.043
2222	0.064	0.031
2223	0.0	0.0
2224	0.061	0.028
2225	0.0	0.0
2226	0.002	0.0
2227	0.024	0.013
2228	0.0	0.0
2229	0.001	0.143
2230	0.001	0.009
2231	0.033	0.011
2232	0.017	0.0
2233	0.018	0.062
2234	0.015	0.045
2235	0.077	0.0
2236	0.005	0.128
2237	0.133	0.09
2238	0.009	0.0
2239	0.007	0.0
2240	0.002	0.079
2241	0.004	0.075
2242	0.071	0.011
2243	0.0	0.333
2244	0.06	0.008
2245	0.115	0.207
2246	0.001	0.0
2247	0.001	0.293
2248	0.002	0.024
2249	0.009	0.106
2250	0.003	0.082
2251	0.086	0.088
2252	0.011	0.124
2253	0.0	0.068
2254	0.115	0.0
2255	0.5	0.001
2256	0.0	0.0
2257	0.0	0.119
2258	0.0	0.105
2259	0.0	0.036
2260	0.053	0.145
2261	0.0	0.046
2262	0.0	0.078
2263	0.0	0.111
2264	0.011	0.044
2265	0.0	0.054
2266	0.012	0.054
2267	0.0	0.054
2268	0.039	0.044
2269	0.065	0.017
2270	0.0	0.1
2271	0.011	0.032
2272	0.0	0.02
2273	0.0	0.019
2274	0.0	0.124
2275	0.0	0.222
2276	0.006	0.053
2277	0.0	0.069
2278	0.0	0.161
2279	0.0	0.065
2280	0.0	0.083
2281	0.0	0.046
2282	0.0	0.449
2283	0.0	0.053
2284	0.266	0.006
2285	0.0	0.244
2286	0.0	0.09
2287	0.0	0.101
2288	0.0	0.081
2289	0.0	0.063
2290	0.0	0.117
2291	0.0	0.085
2292	0.0	0.09
2293	0.0	0.058
2294	0.0	0.086
2295	0.0	0.055
2296	0.038	0.066
2297	0.0	0.048
2298	0.0	0.056
2299	0.017	0.034
2300	0.085	0.055
2301	0.056	0.065
2302	0.033	0.017
2303	0.009	0.027
2304	0.0	0.059
2305	0.0	0.065
2306	0.079	0.129
2307	0.036	0.037
2308	0.003	0.0
2309	0.0	0.016
2310	0.0	0.021
2311	0.0	0.035
2312	0.045	0.021
2313	0.0	0.101
2314	0.0	0.077
2315	0.054	0.045
2316	0.0	0.029
2317	0.0	0.022
2318	0.001	0.063
2319	0.0	0.048
2320	0.0	0.054
2321	0.03	0.061
2322	0.0	0.075
2323	0.048	0.053
2324	0.005	0.067
2325	0.0	0.033
2326	0.036	0.031
2327	0.003	0.05
2328	0.0	0.087
2329	0.018	0.043
2330	0.031	0.065
2331	0.0	0.053
2332	0.0	0.0
2333	0.0	0.0
2334	0.0	0.069
2335	0.0	0.176
2336	0.0	0.031
2337	0.177	0.0
2338	0.019	0.143
2339	0.004	0.0
2340	0.012	0.056
2341	0.24	0.065
2342	0.004	0.074
2343	0.028	0.163
2344	0.004	0.094
2345	0.027	0.027
2346	0.116	0.31
2347	0.008	0.012
2348	0.0	0.0
2349	0.0	0.023
2350	0.066	0.081
2351	0.0	0.039
2352	0.012	0.044
2353	0.025	0.04
2354	0.0	0.128
2355	0.004	0.025
2356	0.024	0.05
2357	0.0	0.021
2358	0.004	0.025
2359	0.0	0.049
2360	0.0	0.014
2361	0.006	0.104
2362	0.034	0.031
2363	0.012	0.029
2364	0.133	0.009
2365	0.092	0.054
2366	0.018	0.037
2367	0.038	0.049
2368	0.004	0.048
2369	0.012	0.075
2370	0.049	0.019
2371	0.004	0.043
2372	0.107	0.097
2373	0.0	0.084
2374	0.033	0.039
2375	0.0	0.056
2376	0.0	0.058
2377	0.0	0.071
2378	0.0	0.026
2379	0.0	0.035
2380	0.014	0.052
2381	0.261	0.059
2382	0.73	0.095
2383	0.0	0.333
2384	0.0	0.014
2385	0.0	0.02
2386	0.035	0.026
2387	0.04	0.055
2388	0.058	0.05
2389	0.0	0.05
2390	0.005	0.067
2391	0.011	0.064
2392	0.0	0.12
2393	0.046	0.078
2394	0.023	0.084
2395	0.014	0.043
2396	0.0	0.053
2397	0.004	0.075
2398	0.018	0.013
2399	0.027	0.182
2400	0.002	0.044
2401	0.0	0.042
2402	0.075	0.055
2403	0.0	0.056
2404	0.0	0.013
2405	0.002	0.057
2406	0.027	0.038
2407	0.007	0.029
2408	0.0	0.062
2409	0.009	0.049
2410	0.667	0.051
2411	0.06	0.052
2412	0.0	0.06
2413	0.052	0.066
2414	0.002	0.075
2415	0.0	0.082
2416	0.025	0.036
2417	0.007	0.096
2418	0.016	0.038
2419	0.037	0.07
2420	0.055	0.01
2421	0.0	0.027
2422	0.011	0.0
2423	0.009	0.075
2424	0.0	0.033
2425	0.044	0.045
2426	0.0	0.15
2427	0.004	0.019
2428	0.045	0.028
2429	0.0	0.214
2430	0.103	0.0
2431	0.002	0.003
2432	0.002	0.023
2433	0.001	0.033
2434	0.038	0.085
2435	0.0	0.011
2436	0.0	0.007
2437	0.0	0.111
2438	0.005	0.058
2439	0.0	0.012
2440	0.026	0.035
2441	0.032	0.021
2442	0.0	0.072
2443	0.014	0.034
2444	0.006	0.026
2445	0.364	0.026
2446	0.006	0.04
2447	0.05	0.067
2448	0.0	0.039
2449	0.0	0.027
2450	0.0	0.091
2451	0.0	0.042
2452	0.0	0.038
2453	0.023	0.064
2454	0.001	0.07
2455	0.034	0.019
2456	0.001	0.111
2457	0.0	0.062
2458	0.0	0.056
2459	0.0	0.75
2460	0.003	0.037
2461	0.0	0.294
2462	0.042	0.029
2463	0.0	0.0
2464	0.0	0.028
2465	0.002	0.04
2466	0.117	0.041
2467	0.002	0.012
2468	0.029	0.068
2469	0.0	0.037
2470	0.015	0.043
2471	0.0	0.03
2472	0.028	0.023
2473	0.004	0.043
2474	0.0	0.044
2475	0.033	0.045
2476	0.007	0.053
2477	0.0	0.016
2478	0.049	0.048
2479	0.001	0.08
2480	0.0	0.043
2481	0.037	0.061
2482	0.0	0.059
2483	0.0	0.059
2484	0.003	0.0
2485	0.003	0.037
2486	0.02	0.018
2487	0.027	0.077
2488	0.0	0.041
2489	0.0	0.041
2490	0.146	0.062
2491	0.0	0.056
2492	0.0	0.037
2493	0.038	0.045
2494	0.0	0.048
2495	0.0	0.2
2496	0.034	0.067
2497	0.002	0.011
2498	0.041	0.006
2499	0.035	0.023
2500	0.002	0.045
2501	0.01	0.077
2502	0.0	0.024
2503	0.078	0.028
2504	0.0	0.018
2505	0.0	0.036
2506	0.063	0.033
2507	0.0	0.0
2508	0.039	0.003
2509	0.002	0.059
2510	0.0	0.016
2511	0.004	0.035
2512	0.0	0.072
2513	0.016	0.048
2514	0.054	0.065
2515	0.003	0.04
2516	0.0	0.019
2517	0.028	0.056
2518	0.008	0.0
2519	0.0	0.05
2520	0.052	0.057
2521	0.0	0.043
2522	0.007	0.0
2523	0.0	0.058
2524	0.0	0.08
2525	0.0	0.031
2526	0.023	0.046
2527	0.021	0.047
2528	0.035	0.032
2529	0.0	0.115
2530	0.007	0.03
2531	0.0	0.0
2532	0.0	0.095
2533	0.0	0.032
2534	0.047	0.033
2535	0.001	0.022
2536	0.0	0.04
2537	0.02	0.018
2538	0.001	0.023
2539	0.0	0.0
2540	0.052	0.056
2541	0.002	0.043
2542	0.0	0.022
2543	0.035	0.045
2544	0.0	0.057
2545	0.121	0.05
2546	0.0	0.056
2547	0.0	0.071
2548	0.011	0.028
2549	0.021	0.043
2550	0.0	0.051
2551	0.097	0.016
2552	0.002	0.005
2553	0.0	0.017
2554	0.166	0.041
2555	0.003	0.0
2556	0.0	0.023
2557	0.0	0.043
2558	0.0	0.052
2559	0.056	0.011
2560	0.009	0.286
2561	0.0	0.031
2562	0.0	0.0
2563	0.0	0.018
2564	0.09	0.033
2565	0.001	0.01
2566	0.004	0.031
2567	0.04	0.0
2568	0.02	0.125
2569	0.0	0.069
2570	0.007	0.065
2571	0.0	0.073
2572	0.0	0.086
2573	0.0	0.05
2574	0.0	0.059
2575	0.0	0.056
2576	0.0	0.045
2577	0.027	0.045
2578	0.0	0.04
2579	0.0	0.042
2580	0.002	0.021
2581	0.023	0.025
2582	0.003	0.024
2583	0.0	0.132
2584	0.0	0.027
2585	0.0	0.009
2586	0.021	0.026
2587	0.037	0.066
2588	0.023	0.027
2589	0.027	0.07
2590	0.144	0.018
2591	0.003	0.042
2592	0.023	0.045
2593	0.0	0.05
2594	0.003	0.061
2595	0.002	0.065
2596	0.016	0.034
2597	0.0	0.039
2598	0.0	0.046
2599	0.002	0.118
2600	0.004	0.135
2601	0.003	0.016
2602	0.0	0.073
2603	0.142	0.024
2604	0.0	0.029
2605	0.0	0.056
2606	0.0	0.014
2607	0.0	0.118
2608	0.115	0.042
2609	0.0	0.016
2610	0.054	0.0
2611	0.002	0.03
2612	0.015	0.222
2613	0.0	0.044
2614	0.0	0.0
2615	0.0	0.0
2616	0.043	0.04
2617	0.001	0.021
2618	0.001	0.027
2619	0.079	0.016
2620	0.002	0.04
2621	0.078	0.0
2622	0.005	0.035
2623	0.004	0.022
2624	0.0	0.039
2625	0.02	0.041
2626	0.0	0.052
2627	0.01	0.044
2628	0.005	0.023
2629	0.0	0.045
2630	0.0	0.014
2631	0.039	0.097
2632	0.004	0.052
2633	0.0	0.063
2634	0.0	0.022
2635	0.079	0.028
2636	0.01	0.038
2637	0.0	0.011
2638	0.0	0.031
2639	0.006	0.158
2640	0.035	0.025
2641	0.0	0.022
2642	0.025	0.019
2643	0.066	0.026
2644	0.0	0.039
2645	0.02	0.029
2646	0.024	0.038
2647	0.021	0.029
2648	0.0	0.147
2649	0.029	0.047
2650	0.036	0.046
2651	0.0	0.05
2652	0.019	0.064
2653	0.0	0.028
2654	0.0	0.286
2655	0.0	0.059
2656	0.0	0.167
2657	0.008	0.038
2658	0.0	0.0
2659	0.0	0.024
2660	0.0	0.029
2661	0.033	0.05
2662	0.081	0.0
2663	0.004	0.083
2664	0.0	0.0
2665	0.001	0.007
2666	0.0	0.038
2667	0.0	0.088
2668	0.057	0.045
2669	0.296	0.067
2670	0.087	0.0
2671	0.062	0.167
2672	0.057	0.022
2673	0.054	0.0
2674	0.082	0.114
2675	0.07	0.579
2676	0.072	0.036
2677	0.042	0.022
2678	0.065	0.061
2679	0.057	0.045
2680	0.051	0.039
2681	0.092	0.056
2682	0.095	0.034
2683	0.029	0.055
2684	0.042	0.0
2685	0.064	0.054
2686	0.074	0.028
2687	0.017	0.083
2688	0.048	0.0
2689	0.033	0.0
2690	0.04	0.043
2691	0.009	0.0
2692	0.0	0.0
2693	0.034	0.024
2694	0.041	0.055
2695	0.027	0.0
2696	0.022	0.064
2697	0.053	0.062
2698	0.043	0.0
2699	0.072	0.08
2700	0.043	0.0
2701	0.064	0.023
2702	0.048	0.175
2703	0.032	0.167
2704	0.062	0.054
2705	0.03	0.016
2706	0.006	0.052
2707	0.089	0.062
2708	0.08	0.276
2709	0.074	0.415
2710	0.138	0.075
2711	0.083	0.086
2712	0.0	0.078
2713	0.969	0.064
2714	0.085	0.419
2715	0.038	0.0
2716	0.055	0.031
2717	0.032	0.022
2718	0.152	0.3
2719	0.103	0.571
2720	0.085	0.079
2721	0.218	0.224
2722	0.17	0.046
2723	0.084	0.056
2724	0.101	0.064
2725	0.06	0.5
2726	0.098	0.333
2727	0.178	0.064
2728	0.086	0.085
2729	0.079	0.057
2730	0.131	0.256
2731	0.103	0.267
2732	0.056	0.0
2733	0.047	0.022
2734	0.026	0.0
2735	0.046	0.055
2736	0.078	0.0
2737	0.098	0.145
2738	0.123	0.118
2739	0.065	0.079
2740	0.11	0.564
2741	0.105	0.146
2742	0.147	0.328
2743	0.083	0.171
2744	0.07	0.528
2745	0.042	0.0
2746	0.076	0.0
2747	0.047	0.055
2748	0.081	0.0
2749	0.036	0.067
2750	0.08	0.275
2751	0.109	0.123
2752	0.044	0.049
2753	0.051	0.069
2754	0.178	0.054
2755	0.0	0.0
2756	0.0	0.025
2757	0.002	0.094
2758	0.0	0.062
2759	0.0	0.0
2760	0.0	0.02
2761	0.133	0.026
2762	0.0	0.0
2763	0.002	0.029
2764	0.028	0.055
2765	0.073	0.088
2766	0.138	0.008
2767	0.002	0.0
2768	0.004	0.037
2769	0.005	0.04
2770	0.0	0.103
2771	0.002	0.0
2772	0.188	0.015
2773	0.002	0.0
2774	0.057	0.011
2775	0.153	0.089
2776	0.0	0.025
2777	0.0	0.018
2778	0.015	0.073
2779	0.032	0.065
2780	0.0	0.031
2781	0.091	0.038
2782	0.01	0.038
2783	0.004	0.03
2784	0.0	0.0
2785	0.0	0.014
2786	0.0	0.083
2787	0.0	0.054
2788	0.004	0.01
2789	0.003	0.0
2790	0.0	0.055
2791	0.002	0.01
2792	0.002	0.026
2793	0.003	0.15
2794	0.08	0.02
2795	0.078	0.026
2796	0.0	0.0
2797	0.005	0.0
2798	0.0	0.048
2799	0.0	0.015
2800	0.181	0.009
2801	0.049	0.0
2802	0.004	0.04
2803	0.0	0.0
2804	0.0	0.009
2805	0.101	0.037
2806	0.003	0.067
2807	0.0	0.051
2808	0.0	0.032
2809	0.014	0.2
2810	0.0	0.024
2811	0.0	0.088
2812	0.0	0.01
2813	0.001	0.033
2814	0.0	0.048
2815	0.0	0.044
2816	0.006	0.049
2817	0.005	0.0
2818	0.0	0.029
2819	0.0	0.065
2820	0.01	0.051
2821	0.0	0.04
2822	0.006	0.054
2823	0.139	0.02
2824	0.009	0.006
2825	0.0	0.109
2826	0.023	0.062
2827	0.0	0.005
2828	0.049	0.048
2829	0.0	0.083
2830	0.215	0.02
2831	0.0	0.0
2832	0.008	0.047
2833	0.0	0.075
2834	0.0	0.048
2835	0.133	0.027
2836	0.0	0.046
2837	0.097	0.062
2838	0.002	0.057
2839	0.0	0.065
2840	0.003	0.044
2841	0.018	0.067
2842	0.118	0.029
2843	0.0	0.106
2844	0.0	0.046
2845	0.069	0.078
2846	0.013	0.243
2847	0.0	0.067
2848	0.018	0.081
2849	0.108	0.393
2850	0.282	0.37
2851	0.0	0.3
2852	0.0	0.0
2853	0.0	0.05
2854	0.0	0.08
2855	0.0	0.031
2856	0.0	0.077
2857	0.0	0.152
2858	0.0	0.158
2859	0.0	0.068
2860	0.005	0.083
2861	0.0	0.133
2862	0.0	0.078
2863	0.0	0.326
2864	0.0	0.0
2865	0.0	0.058
2866	0.0	0.337
2867	0.0	0.146
2868	0.062	0.152
2869	0.0	0.021
2870	0.0	0.053
2871	0.0	0.069
2872	0.0	0.052
2873	0.0	0.0
2874	0.163	0.695
2875	0.0	0.148
2876	0.0	0.052
2877	0.0	0.021
2878	0.0	0.06
2879	0.009	0.0
2880	0.0	0.033
2881	0.0	0.056
2882	0.0	0.047
2883	0.0	0.085
2884	0.0	0.126
2885	0.0	0.056
2886	0.0	0.054
2887	0.0	0.081
2888	0.0	0.061
2889	0.0	0.14
2890	0.0	0.095
2891	0.0	0.041
2892	0.0	0.006
2893	0.0	0.034
2894	0.0	0.084
2895	0.0	0.0
2896	0.003	0.071
2897	0.0	0.059
2898	0.0	0.108
2899	0.0	0.062
2900	0.0	0.1
2901	0.0	0.017
2902	0.0	0.083
2903	0.0	0.045
2904	0.011	0.032
2905	0.52	0.042
2906	0.0	0.0
2907	0.0	0.095
2908	0.0	0.017
2909	0.0	0.12
2910	0.0	0.016
2911	0.0	0.026
2912	0.0	0.0
2913	0.0	0.061
2914	0.0	1.0
2915	0.026	0.078
2916	0.0	0.025
2917	0.011	0.022
2918	0.06	1.0
2919	0.003	0.011
2920	0.012	0.176
2921	0.0	0.077
2922	0.0	0.0
2923	0.124	0.0
2924	0.035	0.002
2925	0.132	0.012
2926	0.007	0.23
2927	0.0	0.151
2928	0.0	0.104
2929	0.0	0.043
2930	0.0	0.067
2931	0.0	0.615
2932	0.0	0.156
2933	0.0	0.078
2934	0.017	0.03
2935	0.0	0.138
2936	0.021	0.066
2937	0.003	0.028
2938	0.0	0.043
2939	0.0	0.058
2940	0.05	0.168
2941	0.063	0.216
2942	0.24	0.211
2943	0.038	0.096
2944	0.059	0.171
2945	0.055	0.297
2946	0.004	0.064
2947	0.066	0.085
2948	0.0	0.044
2949	0.004	0.026
2950	0.161	0.153
2951	0.247	0.394
2952	0.004	0.031
2953	0.17	0.491
2954	0.0	0.127
2955	0.0	0.26
2956	0.0	0.102
2957	0.0	0.048
2958	0.302	0.086
2959	0.093	0.112
2960	0.179	0.291
2961	0.0	0.097
2962	0.132	0.3
2963	0.184	0.292
2964	0.145	0.424
2965	0.16	0.064
2966	0.221	0.93
2967	0.276	0.0
2968	0.064	0.191
2969	0.034	0.077
2970	0.096	0.64
2971	0.226	0.636
2972	0.097	0.114
2973	0.182	0.104
2974	0.167	0.127
2975	0.06	0.193
2976	0.056	0.036
2977	0.214	0.457
2978	0.056	0.862
2979	0.068	0.25
2980	0.048	0.75
2981	0.0	0.028
2982	0.063	1.0
2983	0.064	0.386
2984	0.051	0.125
2985	0.059	0.175
2986	0.232	0.071
2987	0.061	0.296
2988	0.065	0.195
2989	0.048	0.469
2990	0.233	0.431
2991	0.16	0.093
2992	0.188	0.372
2993	0.184	0.717
2994	0.162	0.11
2995	0.267	0.642
2996	0.213	0.229
2997	0.146	0.347
2998	0.381	0.156
2999	0.257	0.452
3000	0.465	0.059
3001	0.233	0.078
3002	0.294	0.127
3003	0.279	0.486
3004	0.123	0.278
3005	0.0	1.0
3006	0.231	0.435
3007	0.255	0.38
3008	0.357	0.455
3009	0.234	0.51
3010	0.241	0.227
3011	0.279	0.633
3012	0.738	0.095
3013	0.675	0.096
3014	0.072	0.065
3015	0.018	0.109
3016	0.316	0.312
3017	0.273	0.168
3018	0.208	0.098
3019	0.0	0.086
3020	0.296	0.332
3021	0.164	0.119
3022	1.0	0.139
3023	0.312	0.358
3024	0.321	0.261
3025	0.258	1.0
3026	0.46	1.0
3027	0.209	1.0
3028	0.209	1.0
3029	0.218	0.154
3030	0.276	1.0
3031	0.065	0.895
3032	0.048	0.222
3033	0.051	0.635
3034	0.133	0.305
3035	0.097	0.604
3036	0.145	0.025
3037	0.254	1.0
3038	0.361	1.0
3039	0.193	0.123
3040	0.194	0.5
3041	0.224	1.0
3042	0.234	1.0
3043	0.426	0.768
3044	0.233	1.0
3045	0.227	0.267
3046	0.439	0.122
3047	0.326	1.0
3048	0.302	0.412
3049	0.214	0.238
3050	0.16	0.069
3051	0.237	0.207
3052	1.0	0.119
3053	0.245	0.339
3054	0.778	0.079
3055	0.315	1.0
3056	0.269	0.667
3057	0.295	0.345
3058	0.265	1.0
3059	0.269	0.385
3060	0.016	0.074
3061	0.011	1.0
3062	0.255	1.0
3063	0.287	0.488
3064	0.617	1.0
3065	0.305	0.867
3066	0.201	1.0
3067	0.395	0.34
3068	0.229	1.0
3069	0.205	1.0
3070	0.0	1.0
3071	0.0	0.0
3072	0.0	0.0
3073	0.0	0.211
3074	0.638	1.0
3075	0.61	0.545
3076	0.132	0.0
3077	0.0	0.035
3078	0.0	0.069
3079	0.046	0.046
3080	0.096	0.0
3081	0.002	0.028
3082	0.004	0.0
3083	0.005	0.0
3084	0.292	0.005
3085	0.0	0.0
3086	0.028	0.006
3087	0.105	0.013
3088	0.0	0.042
3089	0.0	0.038
3090	0.034	0.063
3091	0.001	0.027
3092	0.089	0.015
3093	0.001	0.113
3094	0.062	0.137
3095	0.0	0.067
3096	0.0	0.135
3097	0.0	0.071
3098	0.0	0.106
3099	0.0	0.092
3100	0.0	0.073
3101	0.0	0.085
3102	0.0	0.125
3103	0.0	0.036
3104	0.0	0.042
3105	0.0	0.041
3106	0.0	0.069
3107	0.0	0.017
3108	0.0	0.022
3109	0.0	0.061
3110	0.0	0.078
3111	0.0	0.04
3112	0.0	0.065
3113	0.0	0.0
3114	0.0	0.0
3115	0.0	0.18
3116	0.0	0.375
3117	0.0	0.075
3118	0.0	0.057
3119	0.0	0.0
3120	0.0	0.048
3121	0.0	0.041
3122	0.0	0.067
3123	0.0	0.083
3124	0.0	0.063
3125	0.0	0.076
3126	0.0	1.0
3127	0.0	0.083
3128	0.007	0.091
3129	0.0	0.061
3130	0.0	0.054
3131	0.008	0.04
3132	0.0	0.585
3133	0.0	0.045
3134	0.017	0.44
3135	0.0	0.059
3136	0.042	0.032
3137	0.004	0.051
3138	0.012	0.0
3139	0.004	0.0
3140	0.021	0.043
3141	0.0	0.014
3142	0.0	0.004
3143	0.176	0.037
3144	0.025	0.031
3145	0.0	0.0
3146	0.0	0.041
3147	0.046	0.077
3148	0.0	0.045
3149	0.0	0.074
3150	0.03	0.056
3151	0.347	0.077
3152	0.0	0.091
3153	0.0	0.053
3154	0.1	0.096
3155	0.0	0.038
3156	0.0	0.048
3157	0.0	0.092
3158	0.0	0.176
3159	0.025	0.02
3160	0.009	0.036
3161	0.035	0.119
3162	0.004	0.04
3163	0.01	0.009
3164	0.0	0.014
3165	0.009	0.033
3166	0.011	0.016
3167	0.019	0.02
3168	0.212	0.077
3169	0.333	0.194
3170	0.037	0.057
3171	0.0	0.051
3172	0.004	0.019
3173	0.0	0.012
3174	0.002	0.043
3175	0.04	0.093
3176	0.0	0.079
3177	0.0	0.124
3178	0.004	0.054
3179	0.098	0.031
3180	0.02	0.03
3181	0.017	0.074
3182	0.0	0.07
3183	0.0	0.0
3184	0.054	0.021
3185	0.007	0.019
3186	0.311	1.0
3187	0.003	0.176
3188	0.045	0.239
3189	0.173	0.512
3190	0.236	0.087
3191	0.255	0.362
3192	0.213	0.072
3193	0.249	1.0
3194	0.213	1.0
3195	0.143	1.0
3196	0.138	0.702
3197	0.258	0.563
3198	0.128	0.635
3199	0.138	0.631
3200	0.143	0.427
3201	0.154	1.0
3202	0.242	0.323
3203	0.137	0.61
3204	0.182	0.612
3205	0.202	1.0
3206	0.196	1.0
3207	0.226	0.954
3208	0.262	0.969
3209	0.076	0.022
3210	0.0	0.152
3211	0.006	0.0
3212	0.002	0.101
3213	0.004	0.077
3214	0.003	0.101
3215	0.0	0.073
3216	0.0	0.085
3217	0.006	0.085
3218	0.002	0.075
3219	0.0	0.076
3220	0.01	0.101
3221	0.033	0.076
3222	0.007	0.121
3223	0.004	0.041
3224	0.007	0.066
3225	0.001	0.047
3226	0.071	0.036
3227	0.198	0.076
3228	0.008	0.01
3229	0.029	0.032
3230	0.068	0.056
3231	0.043	0.023
3232	0.174	0.203
3233	0.009	0.06
3234	0.004	0.133
3235	0.171	0.475
3236	0.2	0.223
3237	0.0	0.074
3238	0.0	0.041
3239	0.385	0.148
3240	0.086	0.033
3241	0.198	0.301
3242	0.212	0.15
3243	0.249	0.489
3244	0.286	0.625
3245	0.413	0.657
3246	0.2	0.08
3247	0.014	0.176
3248	0.096	0.039
3249	0.0	0.068
3250	0.005	0.0
3251	0.003	0.029
3252	0.343	1.0
3253	0.021	0.028
3254	0.175	0.536
3255	0.195	0.75
3256	0.267	1.0
3257	0.193	0.536
3258	0.183	1.0
3259	0.263	1.0
3260	0.2	0.921
3261	0.249	0.412
3262	0.302	0.685
3263	0.057	0.04
3264	0.181	0.627
3265	0.001	0.117
3266	0.28	0.336
3267	0.007	0.035
3268	0.347	0.642
3269	0.002	0.06
3270	0.058	0.084
3271	0.015	0.126
3272	0.014	0.099
3273	0.009	0.027
3274	0.06	0.08
3275	0.003	0.096
3276	0.0	0.053
3277	0.067	0.055
3278	0.02	0.019
3279	0.062	0.082
3280	0.326	1.0
3281	0.198	1.0
3282	0.157	0.156
3283	0.175	1.0
3284	0.168	0.14
3285	0.211	0.276
3286	0.245	0.086
3287	0.201	1.0
3288	0.276	0.079
3289	0.219	0.519
3290	0.01	0.0
3291	0.0	0.046
3292	0.198	0.845
3293	0.065	0.073
3294	0.004	0.064
3295	0.0	0.063
3296	0.004	0.034
3297	0.002	0.083
3298	0.007	0.079
3299	0.004	0.032
3300	0.15	0.026
3301	0.002	0.036
3302	0.0	0.016
3303	0.016	0.019
3304	0.017	0.012
3305	0.046	0.011
3306	0.011	0.031
3307	0.053	0.025
3308	0.003	0.011
3309	0.028	0.029
3310	0.005	0.02
3311	0.0	0.053
3312	0.003	0.064
3313	0.239	0.954
3314	0.202	0.177
3315	0.17	0.138
3316	0.157	0.088
3317	0.0	0.057
3318	0.228	1.0
3319	0.238	0.151
3320	0.003	0.075
3321	0.007	0.04
3322	0.119	0.104
3323	0.003	0.044
3324	0.008	0.078
3325	0.0	0.08
3326	0.032	0.152
3327	0.221	0.021
3328	0.144	0.071
3329	0.119	0.054
3330	0.088	0.036
3331	0.013	0.08
3332	0.02	0.064
3333	0.014	0.065
3334	0.008	0.113
3335	0.005	0.097
3336	0.003	0.032
3337	0.082	0.027
3338	0.036	0.108
3339	0.127	0.078
3340	0.058	0.086
3341	0.0	0.107
3342	0.026	0.0
3343	0.233	0.143
3344	0.304	0.068
3345	0.337	1.0
3346	0.043	1.0
3347	0.092	0.103
3348	0.0	1.0
3349	1.0	1.0
3350	0.041	1.0
3351	1.0	1.0
3352	0.0	1.0
3353	0.0	1.0
3354	0.0	1.0
3355	0.0	1.0
3356	0.0	1.0
3357	0.145	0.07
3358	0.227	1.0
3359	0.133	0.71
3360	0.167	0.526
3361	0.227	1.0
3362	0.672	0.053
3363	0.134	0.379
3364	0.132	0.2
3365	0.119	0.081
3366	0.117	0.188
3367	0.099	0.354
3368	0.119	0.929
3369	0.114	0.172
3370	0.115	0.206
3371	0.104	0.275
3372	0.185	0.622
3373	0.125	0.34
3374	0.086	0.227
3375	0.044	0.043
3376	0.139	0.401
3377	0.034	0.036
3378	0.117	0.285
3379	0.114	0.465
3380	0.146	0.189
3381	0.093	0.212
3382	0.097	0.116
3383	0.258	0.183
3384	0.08	1.0
3385	0.1	1.0
3386	0.165	0.476
3387	0.197	0.196
3388	0.116	0.957
3389	0.097	0.852
3390	0.103	1.0
3391	0.243	0.466
3392	0.09	0.155
3393	0.102	0.297
3394	0.109	0.229
3395	0.197	0.209
3396	0.116	0.143
3397	0.159	1.0
3398	0.117	0.209
3399	0.097	0.11
3400	0.126	0.421
3401	0.188	1.0
3402	0.167	0.594
3403	0.108	0.385
3404	0.102	0.497
3405	0.093	0.365
3406	0.081	0.283
3407	0.141	0.235
3408	0.14	0.149
3409	0.097	0.069
3410	0.085	0.655
3411	0.044	0.068
3412	0.036	0.055
3413	0.049	0.033
3414	0.056	0.06
3415	0.005	0.019
3416	0.024	0.055
3417	0.083	0.12
3418	0.005	0.065
3419	0.008	0.0
3420	0.0	0.045
3421	0.041	0.025
3422	0.007	0.03
3423	0.002	0.034
3424	0.012	0.003
3425	0.156	0.489
3426	0.103	0.213
3427	0.139	0.61
3428	0.104	0.292
3429	0.098	0.826
3430	0.122	0.184
3431	0.105	0.542
3432	0.101	0.093
3433	0.14	0.344
3434	0.14	0.798
3435	0.096	0.295
3436	0.128	0.371
3437	0.093	0.194
3438	0.124	0.645
3439	0.09	0.029
3440	0.135	0.728
3441	0.13	0.737
3442	0.178	0.291
3443	0.132	0.619
3444	0.083	0.071
3445	0.057	0.007
3446	0.093	0.0
3447	0.088	0.153
3448	0.0	0.019
3449	0.063	0.127
3450	0.0	0.125
3451	0.079	0.042
3452	0.079	0.016
3453	0.094	0.027
3454	0.129	0.241
3455	0.169	0.157
3456	0.124	0.052
3457	0.12	0.185
3458	0.143	0.407
3459	0.168	0.081
3460	0.139	0.415
3461	0.107	0.25
3462	0.094	0.137
3463	0.111	0.026
3464	0.035	0.059
3465	0.124	0.066
3466	0.127	0.152
3467	0.006	0.122
3468	0.046	0.009
3469	0.053	0.206
3470	0.018	0.077
3471	0.061	0.033
3472	0.004	0.015
3473	0.009	0.113
3474	0.088	0.064
3475	0.005	0.076
3476	0.015	0.028
3477	0.115	0.109
3478	0.06	0.033
3479	0.005	0.142
3480	0.003	0.104
3481	0.006	0.064
3482	0.0	0.041
3483	0.014	0.121
3484	0.023	0.048
3485	0.003	0.042
3486	0.019	0.027
3487	0.007	0.03
3488	0.0	0.056
3489	0.009	0.144
3490	0.0	0.061
3491	0.018	0.058
3492	0.037	0.051
3493	0.005	0.083
3494	0.013	0.042
3495	0.004	0.167
3496	0.0	0.007
3497	0.005	0.091
3498	0.079	0.042
3499	0.003	0.013
3500	0.012	0.049
3501	0.066	0.03
3502	0.005	0.133
3503	0.009	0.038
3504	0.004	0.124
3505	0.043	0.007
3506	0.0	0.038
3507	0.0	0.037
3508	0.005	0.063
3509	0.012	0.038
3510	0.075	0.044
3511	0.0	0.0
3512	0.013	0.077
3513	0.003	0.024
3514	0.069	0.017
3515	0.005	0.066
3516	0.007	0.076
3517	0.007	0.058
3518	0.032	0.004
3519	0.001	0.07
3520	0.003	0.004
3521	0.143	0.0
3522	0.01	0.051
3523	0.173	0.102
3524	0.0	0.053
3525	0.004	0.066
3526	0.022	0.074
3527	0.019	0.11
3528	0.0	0.102
3529	0.0	0.096
3530	0.0	0.096
3531	0.0	0.078
3532	0.17	0.152
3533	0.005	0.014
3534	0.013	0.031
3535	0.0	0.0
3536	0.005	0.026
3537	0.003	0.0
3538	0.001	0.059
3539	0.004	0.053
3540	0.005	0.05
3541	0.011	0.0
3542	0.071	0.062
3543	0.079	0.032
3544	0.006	0.047
3545	0.0	0.089
3546	0.008	0.139
3547	0.047	0.113
3548	0.054	0.04
3549	0.009	0.061
3550	0.065	0.0
3551	0.013	0.059
3552	0.003	0.015
3553	0.0	0.042
3554	0.005	0.071
3555	0.0	0.111
3556	0.003	0.035
3557	0.04	0.097
3558	0.005	0.125
3559	0.017	0.029
3560	0.009	0.085
3561	0.008	0.024
3562	0.121	0.278
3563	0.004	0.09
3564	0.03	0.076
3565	0.002	0.082
3566	0.043	0.0
3567	0.032	0.006
3568	0.048	0.074
3569	0.03	0.095
3570	0.017	0.101
3571	0.11	0.084
3572	0.011	0.068
3573	0.005	0.084
3574	0.139	0.045
3575	0.011	0.0
3576	0.0	0.043
3577	0.008	0.052
3578	0.015	0.096
3579	0.006	0.031
3580	0.053	0.066
3581	0.016	0.07
3582	0.007	0.054
3583	0.024	0.085
3584	0.066	0.05
3585	0.011	0.048
3586	0.012	0.078
3587	0.0	0.0
3588	0.0	0.0
3589	0.008	0.094
3590	0.012	0.069
3591	0.025	0.0
3592	0.032	0.067
3593	0.006	0.0
3594	0.185	0.091
3595	0.087	0.038
3596	0.0	0.096
3597	0.0	0.011
3598	0.0	0.0
3599	0.007	0.0
3600	0.101	0.0
3601	0.026	0.0
3602	0.005	0.0
3603	0.004	0.0
3604	0.0	0.056
3605	0.004	0.075
3606	0.011	0.071
3607	0.088	0.124
3608	0.003	0.043
3609	0.033	0.14
3610	0.059	0.094
3611	0.019	0.031
3612	0.006	0.069
3613	0.0	0.093
3614	0.044	0.028
3615	0.026	0.083
3616	0.013	0.0
3617	0.07	0.148
3618	0.006	0.105
3619	0.004	0.064
3620	0.05	0.08
3621	0.019	0.0
3622	0.027	0.056
3623	0.0	0.066
3624	0.017	0.019
3625	0.07	0.182
3626	0.694	0.001
3627	0.004	0.084
3628	0.0	0.021
3629	0.008	0.077
3630	0.088	0.085
3631	0.043	0.109
3632	0.028	0.112
3633	0.008	0.121
3634	0.0	0.42
3635	0.016	0.222
3636	0.013	0.058
3637	0.05	0.223
3638	0.02	0.044
3639	0.032	0.033
3640	0.014	0.112
3641	0.0	0.134
3642	0.028	0.073
3643	0.011	0.052
3644	0.15	0.042
3645	0.013	0.179
3646	0.011	0.096
3647	0.008	0.043
3648	0.012	0.073
3649	0.154	0.065
3650	0.017	0.08
3651	0.007	0.041
3652	0.002	0.018
3653	0.012	0.059
3654	0.062	0.045
3655	0.015	0.067
3656	0.024	0.192
3657	0.043	0.212
3658	0.011	0.028
3659	0.003	0.026
3660	0.005	0.013
3661	0.087	0.073
3662	0.009	0.075
3663	0.009	0.042
3664	0.04	0.083
3665	0.007	0.084
3666	0.124	0.18
3667	0.008	0.029
3668	0.013	0.124
3669	0.016	0.044
3670	0.019	0.047
3671	0.02	0.028
3672	0.084	0.124
3673	0.007	0.098
3674	0.008	0.042
3675	0.0	0.048
3676	0.101	0.043
3677	0.009	0.083
3678	0.005	0.017
3679	0.055	0.0
3680	0.011	0.01
3681	0.09	0.037
3682	0.005	0.024
3683	0.072	0.041
3684	0.145	0.0
3685	0.0	0.024
3686	0.002	0.061
3687	0.046	0.035
3688	0.003	0.016
3689	0.007	0.0
3690	0.0	0.015
3691	0.076	0.049
3692	0.014	0.027
3693	0.005	0.041
3694	0.002	0.033
3695	0.029	0.027
3696	0.019	0.028
3697	0.001	0.037
3698	0.034	0.039
3699	0.054	0.092
3700	0.0	0.033
3733	0.0	0.0
3734	0.0	0.0
3735	0.0	0.0
3736	0.0	0.0
3737	0.0	0.0
3738	0.0	0.0
3739	0.0	0.0
3740	0.0	0.0
3741	0.0	0.0
3742	0.0	0.0
3743	0.0	0.0
3744	0.0	0.0
3745	0.0	0.0
3746	0.0	0.0
3747	0.0	0.0
3748	0.0	0.0
3749	0.0	0.0
3750	0.0	0.0
3751	0.0	0.0
3752	0.0	0.0
3753	0.0	0.0
3754	0.0	0.0
3755	0.0	0.0
3756	0.0	0.0
3757	0.0	0.0
3758	0.0	0.0
3759	0.0	0.0
3760	0.0	0.0
3761	0.0	0.0
3762	0.0	0.0
3763	0.0	0.0
3764	0.0	0.0
3765	0.0	0.0
3766	0.0	0.0
3767	0.0	0.0
3768	0.0	0.0
3769	0.0	0.0
3770	0.0	0.0
3771	0.0	0.0
3772	0.0	0.0
3773	0.0	0.0
3774	0.0	0.0
3775	0.0	0.0
3776	0.0	0.0
3777	0.0	0.0
3778	0.0	0.0
3779	0.0	0.0
3780	0.0	0.0
3781	0.0	0.0
3782	0.0	0.0
3783	0.0	0.0
3784	0.0	0.0
3785	0.0	0.0
3786	0.0	0.0
3787	0.0	0.0
3788	0.0	0.0
3789	0.0	0.0
3790	0.0	0.0
3791	0.0	0.0
3792	0.0	0.0
3793	0.0	0.0
3794	0.0	0.0
3795	0.0	0.0
3796	0.0	0.0
3797	0.0	0.0
3798	0.0	0.0
3799	0.0	0.0
3800	0.0	0.0
3801	0.0	0.0
3802	0.0	0.0
3803	0.0	0.0
3804	0.0	0.0
3805	0.0	0.0
3806	0.0	0.0
3807	0.0	0.0
3808	0.0	0.0
3809	0.0	0.0
3810	0.0	0.0
3811	0.0	0.0
3812	0.0	0.0
3813	0.0	0.0
3814	0.0	0.0
3815	0.0	0.0
3816	0.0	0.0
3817	0.0	0.0
3818	0.0	0.0
3819	0.0	0.0
3820	0.0	0.0
3821	0.0	0.0
3822	0.0	0.0
3823	0.0	0.0
3824	0.0	0.0
3825	0.0	0.0
3826	0.0	0.0
3827	0.0	0.0
3828	0.0	0.0
3829	0.0	0.0
3830	0.0	0.0
3831	0.0	0.0
3832	0.0	0.0
3833	0.0	0.0
3834	0.0	0.0
3835	0.0	0.0
3836	0.0	0.0
3837	0.0	0.0
3838	0.0	0.0
3839	0.0	0.0
3840	0.0	0.0
3841	0.0	0.0
3842	0.0	0.0
3843	0.0	0.0
3844	0.0	0.0
3845	0.0	0.0
3846	0.0	0.0
3847	0.0	0.0
3848	0.0	0.0
3849	0.0	0.0
3850	0.0	0.0
3851	0.0	0.0
3852	0.0	0.0
3853	0.0	0.0
3855	0.0	0.0
3856	0.0	0.0
3857	0.0	0.0
3858	0.0	0.0
3861	0.0	0.0
3862	0.0	0.0
3863	0.0	0.0
3864	0.0	0.0
3865	0.0	0.0
3866	0.0	0.0
3867	0.0	0.0
3868	0.0	0.0
3870	0.0	0.0
3871	0.0	0.0
3873	0.0	0.0
3874	0.0	0.0
3875	0.0	0.0
3876	0.0	0.0
3877	0.0	0.0
3878	0.0	0.0
3879	0.0	0.0
3880	0.0	0.0
3881	0.0	0.0
3882	0.0	0.0
3883	0.0	0.0
3884	0.0	0.0
3885	0.0	0.0
3886	0.0	0.0
3888	0.0	0.0
3889	0.0	0.0
3890	0.0	0.0
3891	0.0	0.0
3892	0.0	0.0
3893	0.0	0.0
3894	0.0	0.0
3895	0.0	0.0
3896	0.0	0.0
3897	0.0	0.0
3898	0.0	0.0
3899	0.0	0.0
3900	0.0	0.0
3901	0.0	0.0
3902	0.0	0.0
3903	0.0	0.0
3904	0.0	0.0
3905	0.0	0.0
3906	0.0	0.0
3951	0.0	0.0
