Zone_id	zone_ordinal	Dest_eligible	External
1	1	1	3
2	2	1	3
3	3	1	3
4	4	1	3
5	5	1	3
6	6	1	3
7	7	1	3
8	8	1	3
9	9	1	3
10	10	1	3
11	11	1	3
12	12	1	3
13	13	1	3
14	14	1	3
15	15	1	3
16	16	1	3
17	17	1	3
18	18	1	3
19	19	1	3
20	20	1	3
21	21	1	3
22	22	1	3
23	23	1	3
24	24	1	3
25	25	1	3
26	26	1	3
27	27	1	3
28	28	1	3
29	29	1	3
30	30	1	3
31	31	1	3
32	32	1	3
33	33	1	3
34	34	1	3
35	35	1	3
36	36	1	3
37	37	1	3
38	38	1	3
39	39	1	3
40	40	1	3
41	41	1	3
42	42	1	3
43	43	1	3
44	44	1	3
45	45	1	3
46	46	1	3
47	47	1	3
48	48	1	3
49	49	1	3
50	50	1	3
51	51	1	3
52	52	1	3
53	53	1	3
54	54	1	3
55	55	1	3
56	56	1	3
57	57	1	3
58	58	1	3
59	59	1	3
60	60	1	3
61	61	1	3
62	62	1	3
63	63	1	3
64	64	1	3
65	65	1	3
66	66	1	3
67	67	1	3
68	68	1	3
69	69	1	3
70	70	1	3
71	71	1	3
72	72	1	3
73	73	1	3
74	74	1	3
75	75	1	3
76	76	1	3
77	77	1	3
78	78	1	3
79	79	1	3
80	80	1	3
81	81	1	3
82	82	1	3
83	83	1	3
84	84	1	3
85	85	1	3
86	86	1	3
87	87	1	3
88	88	1	3
89	89	1	3
90	90	1	3
91	91	1	3
92	92	1	3
93	93	1	3
94	94	1	3
95	95	1	3
96	96	1	3
97	97	1	3
98	98	1	3
99	99	1	3
100	100	1	3
101	101	1	3
102	102	1	3
103	103	1	3
104	104	1	3
105	105	1	3
106	106	1	3
107	107	1	3
108	108	1	3
109	109	1	3
110	110	1	3
111	111	1	3
112	112	1	3
113	113	1	3
114	114	1	3
115	115	1	3
116	116	1	3
117	117	1	3
118	118	1	3
119	119	1	3
120	120	1	3
121	121	1	3
122	122	1	3
123	123	1	3
124	124	1	3
125	125	1	3
126	126	1	3
127	127	1	3
128	128	1	3
129	129	1	3
130	130	1	3
131	131	1	3
132	132	1	3
133	133	1	3
134	134	1	3
135	135	1	3
136	136	1	3
137	137	1	3
138	138	1	3
139	139	1	3
140	140	1	3
141	141	1	3
142	142	1	3
143	143	1	3
144	144	1	3
145	145	1	3
146	146	1	3
147	147	1	3
148	148	1	3
149	149	1	3
150	150	1	3
151	151	1	3
152	152	1	3
153	153	1	3
154	154	1	3
155	155	1	3
156	156	1	3
157	157	1	3
158	158	1	3
159	159	1	3
160	160	1	3
161	161	1	3
162	162	1	3
163	163	1	3
164	164	1	3
165	165	1	3
166	166	1	3
167	167	1	3
168	168	1	3
169	169	1	3
170	170	1	3
171	171	1	3
172	172	1	3
173	173	1	3
174	174	1	3
175	175	1	3
176	176	1	3
177	177	1	3
178	178	1	3
179	179	1	3
180	180	1	3
181	181	1	3
182	182	1	3
183	183	1	3
184	184	1	3
185	185	1	3
186	186	1	3
187	187	1	3
188	188	1	3
189	189	1	3
190	190	1	3
191	191	1	3
192	192	1	3
193	193	1	3
194	194	1	3
195	195	1	3
196	196	1	3
197	197	1	3
198	198	1	3
199	199	1	3
200	200	1	3
201	201	1	3
202	202	1	3
203	203	1	3
204	204	1	3
205	205	1	3
206	206	1	3
207	207	1	3
208	208	1	3
209	209	1	3
210	210	1	3
211	211	1	3
212	212	1	3
213	213	1	3
214	214	1	3
215	215	1	3
216	216	1	3
217	217	1	3
218	218	1	3
219	219	1	3
220	220	1	3
221	221	1	3
222	222	1	3
223	223	1	3
224	224	1	3
225	225	1	3
226	226	1	3
227	227	1	3
228	228	1	3
229	229	1	3
230	230	1	3
231	231	1	3
232	232	1	3
233	233	1	3
234	234	1	3
235	235	1	3
236	236	1	3
237	237	1	3
238	238	1	3
239	239	1	3
240	240	1	3
241	241	1	3
242	242	1	3
243	243	1	3
244	244	1	3
245	245	1	3
246	246	1	3
247	247	1	3
248	248	1	3
249	249	1	3
250	250	1	3
251	251	1	3
252	252	1	3
253	253	1	3
254	254	1	3
255	255	1	3
256	256	1	3
257	257	1	3
258	258	1	3
259	259	1	3
260	260	1	3
261	261	1	3
262	262	1	3
263	263	1	3
264	264	1	3
265	265	1	3
266	266	1	3
267	267	1	3
268	268	1	3
269	269	1	3
270	270	1	3
271	271	1	3
272	272	1	3
273	273	1	3
274	274	1	3
275	275	1	3
276	276	1	3
277	277	1	3
278	278	1	3
279	279	1	3
280	280	1	3
281	281	1	3
282	282	1	3
283	283	1	3
284	284	1	3
285	285	1	3
286	286	1	3
287	287	1	3
288	288	1	3
289	289	1	3
290	290	1	3
291	291	1	3
292	292	1	3
293	293	1	3
294	294	1	3
295	295	1	3
296	296	1	3
297	297	1	3
298	298	1	3
299	299	1	3
300	300	1	3
301	301	1	3
302	302	1	3
303	303	1	3
304	304	1	3
305	305	1	3
306	306	1	3
307	307	1	3
308	308	1	3
309	309	1	3
310	310	1	3
311	311	1	3
312	312	1	3
313	313	1	3
314	314	1	3
315	315	1	3
316	316	1	3
317	317	1	3
318	318	1	3
319	319	1	3
320	320	1	3
321	321	1	3
322	322	1	3
323	323	1	3
324	324	1	3
325	325	1	3
326	326	1	3
327	327	1	3
328	328	1	3
329	329	1	3
330	330	1	3
331	331	1	4
332	332	1	4
333	333	1	4
334	334	1	4
335	335	1	4
336	336	1	4
337	337	1	4
338	338	1	4
339	339	1	4
340	340	1	4
341	341	1	4
342	342	1	4
343	343	1	4
344	344	1	4
345	345	1	4
346	346	1	4
347	347	1	4
348	348	1	4
349	349	1	4
350	350	1	4
351	351	1	4
352	352	1	4
353	353	1	4
354	354	1	4
355	355	1	4
356	356	1	4
357	357	1	4
358	358	1	4
359	359	1	4
360	360	1	4
361	361	1	4
362	362	1	4
363	363	1	4
364	364	1	4
365	365	1	4
366	366	1	4
367	367	1	4
368	368	1	4
369	369	1	4
370	370	1	4
371	371	1	4
372	372	1	4
373	373	1	4
374	374	1	4
375	375	1	4
376	376	1	4
377	377	1	4
378	378	1	4
379	379	1	4
380	380	1	4
381	381	1	4
382	382	1	4
383	383	1	4
384	384	1	4
385	385	1	4
386	386	1	4
387	387	1	4
388	388	1	4
389	389	1	4
390	390	1	4
391	391	1	4
392	392	1	4
393	393	1	4
394	394	1	4
395	395	1	4
396	396	1	4
397	397	1	4
398	398	1	4
399	399	1	4
400	400	1	4
401	401	1	4
402	402	1	4
403	403	1	4
404	404	1	4
405	405	1	4
406	406	1	4
407	407	1	4
408	408	1	4
409	409	1	4
410	410	1	4
411	411	1	4
412	412	1	4
413	413	1	4
414	414	1	4
415	415	1	4
416	416	1	4
417	417	1	4
418	418	1	4
419	419	1	4
420	420	1	4
421	421	1	4
422	422	1	4
423	423	1	4
424	424	1	4
425	425	1	4
426	426	1	4
427	427	1	4
428	428	1	4
429	429	1	4
430	430	1	4
431	431	1	4
432	432	1	4
433	433	1	4
434	434	1	4
435	435	1	4
436	436	1	4
437	437	1	4
438	438	1	4
439	439	1	4
440	440	1	4
441	441	1	4
442	442	1	4
443	443	1	4
444	444	1	4
445	445	1	4
446	446	1	4
447	447	1	4
448	448	1	4
449	449	1	4
450	450	1	4
451	451	1	4
452	452	1	4
453	453	1	4
454	454	1	4
455	455	1	4
456	456	1	4
457	457	1	4
458	458	1	4
459	459	1	4
460	460	1	4
461	461	1	4
462	462	1	4
463	463	1	4
464	464	1	4
465	465	1	4
466	466	1	4
467	467	1	4
468	468	1	4
469	469	1	4
470	470	1	4
471	471	1	4
472	472	1	4
473	473	1	4
474	474	1	4
475	475	1	4
476	476	1	4
477	477	1	4
478	478	1	4
479	479	1	4
480	480	1	4
481	481	1	4
482	482	1	4
483	483	1	4
484	484	1	4
485	485	1	4
486	486	1	4
487	487	1	4
488	488	1	4
489	489	1	4
490	490	1	4
491	491	1	4
492	492	1	4
493	493	1	4
494	494	1	4
495	495	1	4
496	496	1	4
497	497	1	4
498	498	1	4
499	499	1	4
500	500	1	4
501	501	1	4
502	502	1	4
503	503	1	4
504	504	1	4
505	505	1	4
506	506	1	4
507	507	1	4
508	508	1	4
509	509	1	4
510	510	1	4
511	511	1	4
512	512	1	4
513	513	1	4
514	514	1	4
515	515	1	4
516	516	1	4
517	517	1	4
518	518	1	4
519	519	1	4
520	520	1	4
521	521	1	4
522	522	1	4
523	523	1	4
524	524	1	4
525	525	1	4
526	526	1	4
527	527	1	4
528	528	1	4
529	529	1	4
530	530	1	4
531	531	1	4
532	532	1	4
533	533	1	4
534	534	1	4
535	535	1	4
536	536	1	4
537	537	1	4
538	538	1	4
539	539	1	4
540	540	1	4
541	541	1	4
542	542	1	4
543	543	1	4
544	544	1	4
545	545	1	4
546	546	1	4
547	547	1	4
548	548	1	4
549	549	1	4
550	550	1	4
551	551	1	4
552	552	1	4
553	553	1	4
554	554	1	4
555	555	1	4
556	556	1	4
557	557	1	4
558	558	1	4
559	559	1	4
560	560	1	4
561	561	1	4
562	562	1	4
563	563	1	4
564	564	1	4
565	565	1	4
566	566	1	4
567	567	1	4
568	568	1	4
569	569	1	4
570	570	1	4
571	571	1	4
572	572	1	4
573	573	1	4
574	574	1	4
575	575	1	4
576	576	1	4
577	577	1	4
578	578	1	4
579	579	1	4
580	580	1	4
581	581	1	4
582	582	1	4
583	583	1	4
584	584	1	4
585	585	1	4
586	586	1	4
587	587	1	4
588	588	1	4
589	589	1	4
590	590	1	4
591	591	1	4
592	592	1	4
593	593	1	4
594	594	1	4
595	595	1	4
596	596	1	4
597	597	1	4
598	598	1	4
599	599	1	4
600	600	1	4
601	601	1	4
602	602	1	4
603	603	1	4
604	604	1	4
605	605	1	4
606	606	1	4
607	607	1	4
608	608	1	4
609	609	1	4
610	610	1	4
611	611	1	4
612	612	1	4
613	613	1	4
614	614	1	4
615	615	1	4
616	616	1	4
617	617	1	4
618	618	1	4
619	619	1	4
620	620	1	4
621	621	1	4
622	622	1	4
623	623	1	4
624	624	1	4
625	625	1	4
626	626	1	4
627	627	1	4
628	628	1	4
629	629	1	4
630	630	1	5
631	631	1	5
632	632	1	5
633	633	1	5
634	634	1	5
635	635	1	5
636	636	1	5
637	637	1	5
638	638	1	4
639	639	1	4
640	640	1	4
641	641	1	5
642	642	1	5
643	643	1	5
644	644	1	5
645	645	1	5
646	646	1	5
647	647	1	5
648	648	1	5
649	649	1	5
650	650	1	5
651	651	1	5
652	652	1	5
653	653	1	5
654	654	1	5
655	655	1	5
656	656	1	5
657	657	1	5
658	658	1	5
659	659	1	5
660	660	1	5
661	661	1	5
662	662	1	5
663	663	1	5
664	664	1	5
665	665	1	5
666	666	1	5
667	667	1	5
668	668	1	5
669	669	1	5
670	670	1	5
671	671	1	5
672	672	1	5
673	673	1	5
674	674	1	5
675	675	1	5
676	676	1	5
677	677	1	5
678	678	1	5
679	679	1	5
680	680	1	5
681	681	1	5
682	682	1	5
683	683	1	5
684	684	1	5
685	685	1	5
686	686	1	5
687	687	1	5
688	688	1	5
689	689	1	5
690	690	1	5
691	691	1	5
692	692	1	5
693	693	1	5
694	694	1	5
695	695	1	5
696	696	1	5
697	697	1	5
698	698	1	5
699	699	1	5
700	700	1	5
701	701	1	5
702	702	1	5
703	703	1	5
704	704	1	5
705	705	1	5
706	706	1	5
707	707	1	5
708	708	1	5
709	709	1	5
710	710	1	5
711	711	1	5
712	712	1	5
713	713	1	5
714	714	1	5
715	715	1	5
716	716	1	5
717	717	1	5
718	718	1	5
719	719	1	5
720	720	1	5
721	721	1	5
722	722	1	5
723	723	1	5
724	724	1	5
725	725	1	5
726	726	1	5
727	727	1	5
728	728	1	5
729	729	1	5
730	730	1	5
731	731	1	5
732	732	1	5
733	733	1	5
734	734	1	5
735	735	1	5
736	736	1	5
737	737	1	5
738	738	1	5
739	739	1	5
740	740	1	5
741	741	1	5
742	742	1	5
743	743	1	5
744	744	1	5
745	745	1	5
746	746	1	5
747	747	1	5
748	748	1	5
749	749	1	5
750	750	1	5
751	751	1	5
752	752	1	5
753	753	1	5
754	754	1	5
755	755	1	5
756	756	1	5
757	757	1	5
758	758	1	5
759	759	1	5
760	760	1	5
761	761	1	5
762	762	1	5
763	763	1	5
764	764	1	5
765	765	1	5
766	766	1	5
767	767	1	5
768	768	1	5
769	769	1	5
770	770	1	5
771	771	1	5
772	772	1	5
773	773	1	5
774	774	1	5
775	775	1	5
776	776	1	5
777	777	1	5
778	778	1	5
779	779	1	5
780	780	1	5
781	781	1	5
782	782	1	5
783	783	1	5
784	784	1	5
785	785	1	5
786	786	1	5
787	787	1	5
788	788	1	5
789	789	1	5
790	790	1	5
791	791	1	5
792	792	1	5
793	793	1	5
794	794	1	5
795	795	1	5
796	796	1	5
797	797	1	5
798	798	1	5
799	799	1	5
800	800	1	5
801	801	1	5
802	802	1	5
803	803	1	5
804	804	1	5
805	805	1	5
806	806	1	5
807	807	1	5
808	808	1	5
809	809	1	5
810	810	1	5
811	811	1	5
812	812	1	5
813	813	1	5
814	814	1	5
815	815	1	5
816	816	1	5
817	817	1	5
818	818	1	5
819	819	1	5
820	820	1	5
821	821	1	5
822	822	1	5
823	823	1	5
824	824	1	5
825	825	1	5
826	826	1	5
827	827	1	5
828	828	1	5
829	829	1	5
830	830	1	5
831	831	1	5
832	832	1	5
833	833	1	5
834	834	1	5
835	835	1	5
836	836	1	5
837	837	1	5
838	838	1	5
839	839	1	5
840	840	1	5
841	841	1	5
842	842	1	5
843	843	1	5
844	844	1	5
845	845	1	5
846	846	1	5
847	847	1	5
848	848	1	5
849	849	1	5
850	850	1	5
851	851	1	5
852	852	1	5
853	853	1	5
854	854	1	5
855	855	1	5
856	856	1	5
857	857	1	5
858	858	1	5
859	859	1	5
860	860	1	5
861	861	1	5
862	862	1	5
863	863	1	5
864	864	1	5
865	865	1	5
866	866	1	5
867	867	1	5
868	868	1	5
869	869	1	5
870	870	1	7
871	871	1	7
872	872	1	7
873	873	1	7
874	874	1	7
875	875	1	7
876	876	1	7
877	877	1	7
878	878	1	7
879	879	1	7
880	880	1	7
881	881	1	7
882	882	1	7
883	883	1	7
884	884	1	7
885	885	1	7
886	886	1	5
887	887	1	5
888	888	1	5
889	889	1	5
890	890	1	5
891	891	1	5
892	892	1	5
893	893	1	5
894	894	1	5
895	895	1	5
896	896	1	5
897	897	1	7
898	898	1	7
899	899	1	7
900	900	1	7
901	901	1	7
902	902	1	7
903	903	1	7
904	904	1	7
905	905	1	7
906	906	1	7
907	907	1	7
908	908	1	7
909	909	1	7
910	910	1	7
911	911	1	7
912	912	1	7
913	913	1	7
914	914	1	7
915	915	1	7
916	916	1	7
917	917	1	7
918	918	1	7
919	919	1	7
920	920	1	7
921	921	1	7
922	922	1	7
923	923	1	7
924	924	1	7
925	925	1	7
926	926	1	7
927	927	1	7
928	928	1	7
929	929	1	7
930	930	1	7
931	931	1	7
932	932	1	7
933	933	1	7
934	934	1	7
935	935	1	5
936	936	1	5
937	937	1	5
938	938	1	5
939	939	1	5
940	940	1	5
941	941	1	5
942	942	1	5
943	943	1	5
944	944	1	5
945	945	1	7
946	946	1	7
947	947	1	7
948	948	1	7
949	949	1	7
950	950	1	7
951	951	1	7
952	952	1	7
953	953	1	7
954	954	1	7
955	955	1	7
956	956	1	7
957	957	1	7
958	958	1	7
959	959	1	7
960	960	1	7
961	961	1	7
962	962	1	7
963	963	1	7
964	964	1	7
965	965	1	7
966	966	1	7
967	967	1	7
968	968	1	7
969	969	1	7
970	970	1	7
971	971	1	7
972	972	1	7
973	973	1	7
974	974	1	7
975	975	1	7
976	976	1	7
977	977	1	7
978	978	1	7
979	979	1	7
980	980	1	7
981	981	1	7
982	982	1	7
983	983	1	7
984	984	1	7
985	985	1	5
986	986	1	7
987	987	1	7
988	988	1	7
989	989	1	7
990	990	1	5
991	991	1	5
992	992	1	5
993	993	1	5
994	994	1	5
995	995	1	5
996	996	1	5
997	997	1	5
998	998	1	5
999	999	1	5
1000	1000	1	5
1001	1001	1	5
1002	1002	1	5
1003	1003	1	5
1004	1004	1	5
1005	1005	1	5
1006	1006	1	5
1007	1007	1	7
1008	1008	1	7
1009	1009	1	7
1010	1010	1	7
1011	1011	1	7
1012	1012	1	7
1013	1013	1	7
1014	1014	1	7
1015	1015	1	7
1016	1016	1	7
1017	1017	1	7
1018	1018	1	7
1019	1019	1	7
1020	1020	1	7
1021	1021	1	7
1022	1022	1	7
1023	1023	1	7
1024	1024	1	7
1025	1025	1	7
1026	1026	1	7
1027	1027	1	7
1028	1028	1	7
1029	1029	1	7
1030	1030	1	7
1031	1031	1	7
1032	1032	1	7
1033	1033	1	7
1034	1034	1	5
1035	1035	1	5
1036	1036	1	5
1037	1037	1	7
1038	1038	1	7
1039	1039	1	7
1040	1040	1	7
1041	1041	1	7
1042	1042	1	7
1043	1043	1	7
1044	1044	1	7
1045	1045	1	7
1046	1046	1	7
1047	1047	1	7
1048	1048	1	7
1049	1049	1	7
1050	1050	1	7
1051	1051	1	7
1052	1052	1	7
1053	1053	1	7
1054	1054	1	7
1055	1055	1	7
1056	1056	1	7
1057	1057	1	7
1058	1058	1	7
1059	1059	1	7
1060	1060	1	7
1061	1061	1	7
1062	1062	1	7
1063	1063	1	7
1064	1064	1	7
1065	1065	1	7
1066	1066	1	7
1067	1067	1	7
1068	1068	1	7
1069	1069	1	7
1070	1070	1	7
1071	1071	1	7
1072	1072	1	7
1073	1073	1	7
1074	1074	1	7
1075	1075	1	7
1076	1076	1	7
1077	1077	1	7
1078	1078	1	7
1079	1079	1	7
1080	1080	1	7
1081	1081	1	7
1082	1082	1	7
1083	1083	1	7
1084	1084	1	7
1085	1085	1	7
1086	1086	1	7
1087	1087	1	7
1088	1088	1	7
1089	1089	1	7
1090	1090	1	7
1091	1091	1	7
1092	1092	1	7
1093	1093	1	7
1094	1094	1	7
1095	1095	1	7
1096	1096	1	7
1097	1097	1	7
1098	1098	1	7
1099	1099	1	7
1100	1100	1	7
1101	1101	1	7
1102	1102	1	7
1103	1103	1	7
1104	1104	1	7
1105	1105	1	7
1106	1106	1	7
1107	1107	1	7
1108	1108	1	7
1109	1109	1	7
1110	1110	1	7
1111	1111	1	7
1112	1112	1	7
1113	1113	1	7
1114	1114	1	7
1115	1115	1	7
1116	1116	1	7
1117	1117	1	7
1118	1118	1	7
1119	1119	1	7
1120	1120	1	7
1121	1121	1	7
1122	1122	1	7
1123	1123	1	7
1124	1124	1	7
1125	1125	1	7
1126	1126	1	7
1127	1127	1	7
1128	1128	1	7
1129	1129	1	7
1130	1130	1	7
1131	1131	1	7
1132	1132	1	7
1133	1133	1	7
1134	1134	1	7
1135	1135	1	7
1136	1136	1	7
1137	1137	1	7
1138	1138	1	7
1139	1139	1	7
1140	1140	1	7
1141	1141	1	7
1142	1142	1	7
1143	1143	1	7
1144	1144	1	7
1145	1145	1	7
1146	1146	1	7
1147	1147	1	7
1148	1148	1	7
1149	1149	1	7
1150	1150	1	7
1151	1151	1	7
1152	1152	1	7
1153	1153	1	7
1154	1154	1	7
1155	1155	1	7
1156	1156	1	7
1157	1157	1	7
1158	1158	1	7
1159	1159	1	7
1160	1160	1	7
1161	1161	1	7
1162	1162	1	7
1163	1163	1	7
1164	1164	1	7
1165	1165	1	7
1166	1166	1	7
1167	1167	1	7
1168	1168	1	7
1169	1169	1	7
1170	1170	1	7
1171	1171	1	7
1172	1172	1	7
1173	1173	1	7
1174	1174	1	7
1175	1175	1	7
1176	1176	1	7
1177	1177	1	7
1178	1178	1	7
1179	1179	1	7
1180	1180	1	7
1181	1181	1	7
1182	1182	1	7
1183	1183	1	7
1184	1184	1	7
1185	1185	1	7
1186	1186	1	7
1187	1187	1	7
1188	1188	1	7
1189	1189	1	7
1190	1190	1	7
1191	1191	1	7
1192	1192	1	7
1193	1193	1	7
1194	1194	1	7
1195	1195	1	7
1196	1196	1	7
1197	1197	1	7
1198	1198	1	7
1199	1199	1	7
1200	1200	1	7
1201	1201	1	7
1202	1202	1	7
1203	1203	1	7
1204	1204	1	7
1205	1205	1	7
1206	1206	1	7
1207	1207	1	7
1208	1208	1	7
1209	1209	1	7
1210	1210	1	7
1211	1211	1	7
1212	1212	1	7
1213	1213	1	7
1214	1214	1	7
1215	1215	1	7
1216	1216	1	7
1217	1217	1	7
1218	1218	1	7
1219	1219	1	7
1220	1220	1	7
1221	1221	1	7
1222	1222	1	7
1223	1223	1	7
1224	1224	1	7
1225	1225	1	7
1226	1226	1	7
1227	1227	1	7
1228	1228	1	7
1229	1229	1	7
1230	1230	1	7
1231	1231	1	7
1232	1232	1	7
1233	1233	1	7
1234	1234	1	7
1235	1235	1	7
1236	1236	1	7
1237	1237	1	7
1238	1238	1	7
1239	1239	1	7
1240	1240	1	7
1241	1241	1	7
1242	1242	1	7
1243	1243	1	7
1244	1244	1	7
1245	1245	1	7
1246	1246	1	7
1247	1247	1	7
1248	1248	1	7
1249	1249	1	7
1250	1250	1	7
1251	1251	1	7
1252	1252	1	7
1253	1253	1	7
1254	1254	1	7
1255	1255	1	7
1256	1256	1	7
1257	1257	1	7
1258	1258	1	7
1259	1259	1	7
1260	1260	1	7
1261	1261	1	7
1262	1262	1	7
1263	1263	1	7
1264	1264	1	7
1265	1265	1	7
1266	1266	1	7
1267	1267	1	7
1268	1268	1	7
1269	1269	1	7
1270	1270	1	7
1271	1271	1	7
1272	1272	1	7
1273	1273	1	7
1274	1274	1	7
1275	1275	1	7
1276	1276	1	7
1277	1277	1	7
1278	1278	1	7
1279	1279	1	7
1280	1280	1	7
1281	1281	1	7
1282	1282	1	7
1283	1283	1	7
1284	1284	1	7
1285	1285	1	7
1286	1286	1	7
1287	1287	1	7
1288	1288	1	7
1289	1289	1	7
1290	1290	1	7
1291	1291	1	7
1292	1292	1	7
1293	1293	1	7
1294	1294	1	7
1295	1295	1	7
1296	1296	1	7
1297	1297	1	7
1298	1298	1	7
1299	1299	1	7
1300	1300	1	7
1301	1301	1	7
1302	1302	1	7
1303	1303	1	7
1304	1304	1	7
1305	1305	1	7
1306	1306	1	7
1307	1307	1	7
1308	1308	1	7
1309	1309	1	7
1310	1310	1	7
1311	1311	1	7
1312	1312	1	7
1313	1313	1	7
1314	1314	1	7
1315	1315	1	7
1316	1316	1	7
1317	1317	1	7
1318	1318	1	6
1319	1319	1	6
1320	1320	1	6
1321	1321	1	6
1322	1322	1	6
1323	1323	1	6
1324	1324	1	6
1325	1325	1	6
1326	1326	1	7
1327	1327	1	7
1328	1328	1	7
1329	1329	1	7
1330	1330	1	7
1331	1331	1	7
1332	1332	1	7
1333	1333	1	7
1334	1334	1	7
1335	1335	1	7
1336	1336	1	7
1337	1337	1	7
1338	1338	1	7
1339	1339	1	7
1340	1340	1	7
1341	1341	1	7
1342	1342	1	7
1343	1343	1	7
1344	1344	1	7
1345	1345	1	7
1346	1346	1	7
1347	1347	1	7
1348	1348	1	7
1349	1349	1	7
1350	1350	1	7
1351	1351	1	7
1352	1352	1	7
1353	1353	1	7
1354	1354	1	7
1355	1355	1	7
1356	1356	1	7
1357	1357	1	7
1358	1358	1	7
1359	1359	1	6
1360	1360	1	6
1361	1361	1	6
1362	1362	1	6
1363	1363	1	6
1364	1364	1	6
1365	1365	1	6
1366	1366	1	6
1367	1367	1	6
1368	1368	1	6
1369	1369	1	6
1370	1370	1	6
1371	1371	1	6
1372	1372	1	6
1373	1373	1	6
1374	1374	1	6
1375	1375	1	6
1376	1376	1	6
1377	1377	1	6
1378	1378	1	6
1379	1379	1	6
1380	1380	1	6
1381	1381	1	6
1382	1382	1	6
1383	1383	1	6
1384	1384	1	6
1385	1385	1	6
1386	1386	1	6
1387	1387	1	6
1388	1388	1	6
1389	1389	1	6
1390	1390	1	6
1391	1391	1	6
1392	1392	1	6
1393	1393	1	6
1394	1394	1	6
1395	1395	1	6
1396	1396	1	6
1397	1397	1	6
1398	1398	1	6
1399	1399	1	6
1400	1400	1	6
1401	1401	1	6
1402	1402	1	6
1403	1403	1	6
1404	1404	1	6
1405	1405	1	6
1406	1406	1	6
1407	1407	1	6
1408	1408	1	6
1409	1409	1	7
1410	1410	1	7
1411	1411	1	7
1412	1412	1	7
1413	1413	1	7
1414	1414	1	7
1415	1415	1	7
1416	1416	1	7
1417	1417	1	6
1418	1418	1	6
1419	1419	1	6
1420	1420	1	6
1421	1421	1	6
1422	1422	1	6
1423	1423	1	6
1424	1424	1	6
1425	1425	1	6
1426	1426	1	6
1427	1427	1	6
1428	1428	1	6
1429	1429	1	6
1430	1430	1	6
1431	1431	1	6
1432	1432	1	6
1433	1433	1	6
1434	1434	1	6
1435	1435	1	6
1436	1436	1	6
1437	1437	1	6
1438	1438	1	6
1439	1439	1	6
1440	1440	1	6
1441	1441	1	6
1442	1442	1	6
1443	1443	1	6
1444	1444	1	6
1445	1445	1	6
1446	1446	1	6
1447	1447	1	6
1448	1448	1	6
1449	1449	1	6
1450	1450	1	6
1451	1451	1	6
1452	1452	1	6
1453	1453	1	6
1454	1454	1	6
1455	1455	1	6
1456	1456	1	6
1457	1457	1	6
1458	1458	1	6
1459	1459	1	6
1460	1460	1	6
1461	1461	1	6
1462	1462	1	6
1463	1463	1	6
1464	1464	1	6
1465	1465	1	6
1466	1466	1	6
1467	1467	1	6
1468	1468	1	6
1469	1469	1	6
1470	1470	1	6
1471	1471	1	6
1472	1472	1	6
1473	1473	1	6
1474	1474	1	6
1475	1475	1	6
1476	1476	1	6
1477	1477	1	6
1478	1478	1	6
1479	1479	1	6
1480	1480	1	6
1481	1481	1	6
1482	1482	1	6
1483	1483	1	6
1484	1484	1	6
1485	1485	1	6
1486	1486	1	6
1487	1487	1	6
1488	1488	1	6
1489	1489	1	6
1490	1490	1	6
1491	1491	1	6
1492	1492	1	6
1493	1493	1	6
1494	1494	1	6
1495	1495	1	6
1496	1496	1	6
1497	1497	1	6
1498	1498	1	6
1499	1499	1	6
1500	1500	1	6
1501	1501	1	6
1502	1502	1	6
1503	1503	1	6
1504	1504	1	6
1505	1505	1	6
1506	1506	1	6
1507	1507	1	6
1508	1508	1	6
1509	1509	1	6
1510	1510	1	6
1511	1511	1	6
1512	1512	1	6
1513	1513	1	6
1514	1514	1	6
1515	1515	1	6
1516	1516	1	6
1517	1517	1	6
1518	1518	1	6
1519	1519	1	6
1520	1520	1	6
1521	1521	1	6
1522	1522	1	6
1523	1523	1	6
1524	1524	1	6
1525	1525	1	6
1526	1526	1	6
1527	1527	1	6
1528	1528	1	6
1529	1529	1	6
1530	1530	1	6
1531	1531	1	6
1532	1532	1	6
1533	1533	1	6
1534	1534	1	6
1535	1535	1	6
1536	1536	1	6
1537	1537	1	6
1538	1538	1	6
1539	1539	1	6
1540	1540	1	6
1541	1541	1	6
1542	1542	1	6
1543	1543	1	6
1544	1544	1	6
1545	1545	1	6
1546	1546	1	6
1547	1547	1	6
1548	1548	1	6
1549	1549	1	6
1550	1550	1	6
1551	1551	1	6
1552	1552	1	6
1553	1553	1	6
1554	1554	1	6
1555	1555	1	6
1556	1556	1	6
1557	1557	1	6
1558	1558	1	6
1559	1559	1	6
1560	1560	1	6
1561	1561	1	6
1562	1562	1	6
1563	1563	1	6
1564	1564	1	6
1565	1565	1	6
1566	1566	1	6
1567	1567	1	6
1568	1568	1	6
1569	1569	1	6
1570	1570	1	6
1571	1571	1	6
1572	1572	1	6
1573	1573	1	6
1574	1574	1	6
1575	1575	1	6
1576	1576	1	6
1577	1577	1	6
1578	1578	1	6
1579	1579	1	6
1580	1580	1	6
1581	1581	1	6
1582	1582	1	6
1583	1583	1	6
1584	1584	1	6
1585	1585	1	6
1586	1586	1	6
1587	1587	1	6
1588	1588	1	6
1589	1589	1	6
1590	1590	1	6
1591	1591	1	6
1592	1592	1	6
1593	1593	1	6
1594	1594	1	6
1595	1595	1	6
1596	1596	1	6
1597	1597	1	6
1598	1598	1	6
1599	1599	1	6
1600	1600	1	6
1601	1601	1	6
1602	1602	1	6
1603	1603	1	6
1604	1604	1	6
1605	1605	1	6
1606	1606	1	6
1607	1607	1	6
1608	1608	1	6
1609	1609	1	6
1610	1610	1	6
1611	1611	1	6
1612	1612	1	6
1613	1613	1	6
1614	1614	1	6
1615	1615	1	6
1616	1616	1	6
1617	1617	1	6
1618	1618	1	6
1619	1619	1	6
1620	1620	1	6
1621	1621	1	6
1622	1622	1	6
1623	1623	1	6
1624	1624	1	6
1625	1625	1	6
1626	1626	1	6
1627	1627	1	6
1628	1628	1	6
1629	1629	1	6
1630	1630	1	6
1631	1631	1	6
1632	1632	1	6
1633	1633	1	6
1634	1634	1	6
1635	1635	1	6
1636	1636	1	6
1637	1637	1	6
1638	1638	1	6
1639	1639	1	6
1640	1640	1	6
1641	1641	1	6
1642	1642	1	6
1643	1643	1	6
1644	1644	1	6
1645	1645	1	6
1646	1646	1	6
1647	1647	1	6
1648	1648	1	6
1649	1649	1	6
1650	1650	1	6
1651	1651	1	6
1652	1652	1	6
1653	1653	1	6
1654	1654	1	6
1655	1655	1	6
1656	1656	1	6
1657	1657	1	6
1658	1658	1	6
1659	1659	1	6
1660	1660	1	6
1661	1661	1	6
1662	1662	1	6
1663	1663	1	6
1664	1664	1	6
1665	1665	1	6
1666	1666	1	6
1667	1667	1	6
1668	1668	1	6
1669	1669	1	6
1670	1670	1	6
1671	1671	1	6
1672	1672	1	6
1673	1673	1	6
1674	1674	1	6
1675	1675	1	6
1676	1676	1	6
1677	1677	1	6
1678	1678	1	6
1679	1679	1	6
1680	1680	1	6
1681	1681	1	6
1682	1682	1	6
1683	1683	1	6
1684	1684	1	6
1685	1685	1	6
1686	1686	1	6
1687	1687	1	6
1688	1688	1	6
1689	1689	1	6
1690	1690	1	6
1691	1691	1	6
1692	1692	1	6
1693	1693	1	6
1694	1694	1	6
1695	1695	1	6
1696	1696	1	6
1697	1697	1	6
1698	1698	1	6
1699	1699	1	6
1700	1700	1	6
1701	1701	1	6
1702	1702	1	6
1703	1703	1	6
1704	1704	1	6
1705	1705	1	6
1706	1706	1	6
1707	1707	1	6
1708	1708	1	6
1709	1709	1	6
1710	1710	1	6
1711	1711	1	6
1712	1712	1	6
1713	1713	1	6
1714	1714	1	6
1715	1715	1	6
1716	1716	1	6
1717	1717	1	6
1718	1718	1	6
1719	1719	1	6
1720	1720	1	6
1721	1721	1	6
1722	1722	1	6
1723	1723	1	6
1724	1724	1	6
1725	1725	1	6
1726	1726	1	6
1727	1727	1	6
1728	1728	1	6
1729	1729	1	6
1730	1730	1	6
1731	1731	1	6
1732	1732	1	6
1733	1733	1	6
1734	1734	1	6
1735	1735	1	6
1736	1736	1	6
1737	1737	1	6
1738	1738	1	6
1739	1739	1	6
1740	1740	1	6
1741	1741	1	6
1742	1742	1	6
1743	1743	1	6
1744	1744	1	6
1745	1745	1	6
1746	1746	1	6
1747	1747	1	6
1748	1748	1	6
1749	1749	1	6
1750	1750	1	6
1751	1751	1	6
1752	1752	1	6
1753	1753	1	6
1754	1754	1	6
1755	1755	1	6
1756	1756	1	6
1757	1757	1	6
1758	1758	1	6
1759	1759	1	6
1760	1760	1	6
1761	1761	1	6
1762	1762	1	6
1763	1763	1	6
1764	1764	1	6
1765	1765	1	6
1766	1766	1	6
1767	1767	1	6
1768	1768	1	6
1769	1769	1	6
1770	1770	1	6
1771	1771	1	6
1772	1772	1	6
1773	1773	1	6
1774	1774	1	6
1775	1775	1	6
1776	1776	1	6
1777	1777	1	6
1778	1778	1	6
1779	1779	1	6
1780	1780	1	6
1781	1781	1	6
1782	1782	1	6
1783	1783	1	6
1784	1784	1	6
1785	1785	1	6
1786	1786	1	6
1787	1787	1	6
1788	1788	1	6
1789	1789	1	6
1790	1790	1	6
1791	1791	1	6
1792	1792	1	6
1793	1793	1	6
1794	1794	1	6
1795	1795	1	6
1796	1796	1	6
1797	1797	1	6
1798	1798	1	6
1799	1799	1	6
1800	1800	1	6
1801	1801	1	6
1802	1802	1	6
1803	1803	1	6
1804	1804	1	6
1805	1805	1	6
1806	1806	1	6
1807	1807	1	6
1808	1808	1	6
1809	1809	1	6
1810	1810	1	6
1811	1811	1	6
1812	1812	1	6
1813	1813	1	6
1814	1814	1	6
1815	1815	1	6
1816	1816	1	3
1817	1817	1	3
1818	1818	1	3
1819	1819	1	3
1820	1820	1	3
1821	1821	1	3
1822	1822	1	3
1823	1823	1	3
1824	1824	1	3
1825	1825	1	3
1826	1826	1	3
1827	1827	1	3
1828	1828	1	3
1829	1829	1	3
1830	1830	1	3
1831	1831	1	3
1832	1832	1	3
1833	1833	1	3
1834	1834	1	3
1835	1835	1	3
1836	1836	1	3
1837	1837	1	3
1838	1838	1	3
1839	1839	1	3
1840	1840	1	3
1841	1841	1	3
1842	1842	1	3
1843	1843	1	3
1844	1844	1	3
1845	1845	1	3
1846	1846	1	3
1847	1847	1	3
1848	1848	1	3
1849	1849	1	3
1850	1850	1	3
1851	1851	1	3
1852	1852	1	3
1853	1853	1	3
1854	1854	1	3
1855	1855	1	3
1856	1856	1	3
1857	1857	1	3
1858	1858	1	3
1859	1859	1	3
1860	1860	1	3
1861	1861	1	3
1862	1862	1	3
1863	1863	1	3
1864	1864	1	3
1865	1865	1	3
1866	1866	1	3
1867	1867	1	3
1868	1868	1	3
1869	1869	1	3
1870	1870	1	3
1871	1871	1	3
1872	1872	1	3
1873	1873	1	3
1874	1874	1	3
1875	1875	1	3
1876	1876	1	3
1877	1877	1	3
1878	1878	1	3
1879	1879	1	3
1880	1880	1	3
1881	1881	1	3
1882	1882	1	3
1883	1883	1	6
1884	1884	1	6
1885	1885	1	6
1886	1886	1	6
1887	1887	1	6
1888	1888	1	6
1889	1889	1	6
1890	1890	1	6
1891	1891	1	6
1892	1892	1	6
1893	1893	1	6
1894	1894	1	6
1895	1895	1	6
1896	1896	1	6
1897	1897	1	6
1898	1898	1	6
1899	1899	1	6
1900	1900	1	6
1901	1901	1	6
1902	1902	1	6
1903	1903	1	6
1904	1904	1	6
1905	1905	1	6
1906	1906	1	6
1907	1907	1	6
1908	1908	1	6
1909	1909	1	6
1910	1910	1	6
1911	1911	1	6
1912	1912	1	6
1913	1913	1	6
1914	1914	1	6
1915	1915	1	6
1916	1916	1	6
1917	1917	1	6
1918	1918	1	6
1919	1919	1	6
1920	1920	1	6
1921	1921	1	6
1922	1922	1	6
1923	1923	1	6
1924	1924	1	6
1925	1925	1	6
1926	1926	1	6
1927	1927	1	6
1928	1928	1	6
1929	1929	1	6
1930	1930	1	6
1931	1931	1	6
1932	1932	1	6
1933	1933	1	6
1934	1934	1	6
1935	1935	1	6
1936	1936	1	6
1937	1937	1	6
1938	1938	1	6
1939	1939	1	6
1940	1940	1	6
1941	1941	1	6
1942	1942	1	6
1943	1943	1	6
1944	1944	1	6
1945	1945	1	6
1946	1946	1	6
1947	1947	1	6
1948	1948	1	6
1949	1949	1	6
1950	1950	1	6
1951	1951	1	6
1952	1952	1	6
1953	1953	1	6
1954	1954	1	6
1955	1955	1	6
1956	1956	1	6
1957	1957	1	6
1958	1958	1	6
1959	1959	1	6
1960	1960	1	6
1961	1961	1	6
1962	1962	1	6
1963	1963	1	6
1964	1964	1	6
1965	1965	1	6
1966	1966	1	6
1967	1967	1	6
1968	1968	1	6
1969	1969	1	6
1970	1970	1	6
1971	1971	1	6
1972	1972	1	6
1973	1973	1	6
1974	1974	1	6
1975	1975	1	6
1976	1976	1	6
1977	1977	1	6
1978	1978	1	6
1979	1979	1	6
1980	1980	1	6
1981	1981	1	6
1982	1982	1	6
1983	1983	1	6
1984	1984	1	6
1985	1985	1	6
1986	1986	1	6
1987	1987	1	6
1988	1988	1	6
1989	1989	1	6
1990	1990	1	6
1991	1991	1	6
1992	1992	1	6
1993	1993	1	6
1994	1994	1	6
1995	1995	1	6
1996	1996	1	6
1997	1997	1	6
1998	1998	1	6
1999	1999	1	6
2000	2000	1	6
2001	2001	1	6
2002	2002	1	6
2003	2003	1	6
2004	2004	1	7
2005	2005	1	7
2006	2006	1	7
2007	2007	1	7
2008	2008	1	7
2009	2009	1	7
2010	2010	1	7
2011	2011	1	7
2012	2012	1	7
2013	2013	1	7
2014	2014	1	7
2015	2015	1	7
2016	2016	1	7
2017	2017	1	7
2018	2018	1	7
2019	2019	1	7
2020	2020	1	7
2021	2021	1	7
2022	2022	1	7
2023	2023	1	7
2024	2024	1	7
2025	2025	1	7
2026	2026	1	7
2027	2027	1	7
2028	2028	1	7
2029	2029	1	7
2030	2030	1	7
2031	2031	1	7
2032	2032	1	7
2033	2033	1	7
2034	2034	1	7
2035	2035	1	7
2036	2036	1	7
2037	2037	1	7
2038	2038	1	7
2039	2039	1	7
2040	2040	1	7
2041	2041	1	7
2042	2042	1	7
2043	2043	1	7
2044	2044	1	7
2045	2045	1	7
2046	2046	1	7
2047	2047	1	7
2048	2048	1	7
2049	2049	1	7
2050	2050	1	7
2051	2051	1	7
2052	2052	1	7
2053	2053	1	7
2054	2054	1	7
2055	2055	1	7
2056	2056	1	7
2057	2057	1	7
2058	2058	1	7
2059	2059	1	7
2060	2060	1	7
2061	2061	1	7
2062	2062	1	7
2063	2063	1	7
2064	2064	1	7
2065	2065	1	7
2066	2066	1	7
2067	2067	1	7
2068	2068	1	7
2069	2069	1	7
2070	2070	1	7
2071	2071	1	7
2072	2072	1	7
2073	2073	1	7
2074	2074	1	7
2075	2075	1	7
2076	2076	1	7
2077	2077	1	7
2078	2078	1	7
2079	2079	1	7
2080	2080	1	7
2081	2081	1	7
2082	2082	1	5
2083	2083	1	5
2084	2084	1	5
2085	2085	1	5
2086	2086	1	5
2087	2087	1	5
2088	2088	1	5
2089	2089	1	1
2090	2090	1	1
2091	2091	1	1
2092	2092	1	1
2093	2093	1	1
2094	2094	1	1
2095	2095	1	1
2096	2096	1	1
2097	2097	1	1
2098	2098	1	1
2099	2099	1	1
2100	2100	1	1
2101	2101	1	1
2102	2102	1	1
2103	2103	1	1
2104	2104	1	1
2105	2105	1	1
2106	2106	1	1
2107	2107	1	1
2108	2108	1	1
2109	2109	1	1
2110	2110	1	1
2111	2111	1	1
2112	2112	1	1
2113	2113	1	1
2114	2114	1	1
2115	2115	1	1
2116	2116	1	1
2117	2117	1	1
2118	2118	1	1
2119	2119	1	1
2120	2120	1	1
2121	2121	1	1
2122	2122	1	1
2123	2123	1	1
2124	2124	1	1
2125	2125	1	1
2126	2126	1	1
2127	2127	1	1
2128	2128	1	1
2129	2129	1	1
2130	2130	1	1
2131	2131	1	1
2132	2132	1	1
2133	2133	1	1
2134	2134	1	1
2135	2135	1	1
2136	2136	1	1
2137	2137	1	1
2138	2138	1	1
2139	2139	1	1
2140	2140	1	1
2141	2141	1	1
2142	2142	1	1
2143	2143	1	1
2144	2144	1	1
2145	2145	1	1
2146	2146	1	1
2147	2147	1	1
2148	2148	1	1
2149	2149	1	1
2150	2150	1	1
2151	2151	1	1
2152	2152	1	1
2153	2153	1	1
2154	2154	1	1
2155	2155	1	1
2156	2156	1	1
2157	2157	1	1
2158	2158	1	1
2159	2159	1	1
2160	2160	1	1
2161	2161	1	1
2162	2162	1	1
2163	2163	1	1
2164	2164	1	1
2165	2165	1	1
2166	2166	1	1
2167	2167	1	1
2168	2168	1	1
2169	2169	1	1
2170	2170	1	1
2171	2171	1	1
2172	2172	1	1
2173	2173	1	1
2174	2174	1	1
2175	2175	1	1
2176	2176	1	1
2177	2177	1	1
2178	2178	1	1
2179	2179	1	1
2180	2180	1	1
2181	2181	1	1
2182	2182	1	1
2183	2183	1	1
2184	2184	1	1
2185	2185	1	1
2186	2186	1	1
2187	2187	1	1
2188	2188	1	1
2189	2189	1	1
2190	2190	1	1
2191	2191	1	1
2192	2192	1	1
2193	2193	1	1
2194	2194	1	1
2195	2195	1	1
2196	2196	1	1
2197	2197	1	1
2198	2198	1	1
2199	2199	1	1
2200	2200	1	1
2201	2201	1	1
2202	2202	1	1
2203	2203	1	1
2204	2204	1	1
2205	2205	1	1
2206	2206	1	1
2207	2207	1	1
2208	2208	1	1
2209	2209	1	1
2210	2210	1	1
2211	2211	1	1
2212	2212	1	1
2213	2213	1	1
2214	2214	1	1
2215	2215	1	1
2216	2216	1	1
2217	2217	1	1
2218	2218	1	1
2219	2219	1	1
2220	2220	1	1
2221	2221	1	1
2222	2222	1	1
2223	2223	1	1
2224	2224	1	1
2225	2225	1	1
2226	2226	1	1
2227	2227	1	1
2228	2228	1	1
2229	2229	1	1
2230	2230	1	1
2231	2231	1	1
2232	2232	1	1
2233	2233	1	1
2234	2234	1	1
2235	2235	1	1
2236	2236	1	1
2237	2237	1	1
2238	2238	1	1
2239	2239	1	1
2240	2240	1	1
2241	2241	1	1
2242	2242	1	1
2243	2243	1	1
2244	2244	1	1
2245	2245	1	1
2246	2246	1	1
2247	2247	1	1
2248	2248	1	1
2249	2249	1	2
2250	2250	1	2
2251	2251	1	2
2252	2252	1	2
2253	2253	1	2
2254	2254	1	2
2255	2255	1	2
2256	2256	1	2
2257	2257	1	2
2258	2258	1	2
2259	2259	1	2
2260	2260	1	2
2261	2261	1	2
2262	2262	1	2
2263	2263	1	2
2264	2264	1	2
2265	2265	1	2
2266	2266	1	2
2267	2267	1	2
2268	2268	1	2
2269	2269	1	2
2270	2270	1	2
2271	2271	1	2
2272	2272	1	2
2273	2273	1	2
2274	2274	1	2
2275	2275	1	2
2276	2276	1	2
2277	2277	1	2
2278	2278	1	2
2279	2279	1	2
2280	2280	1	2
2281	2281	1	2
2282	2282	1	2
2283	2283	1	2
2284	2284	1	2
2285	2285	1	2
2286	2286	1	2
2287	2287	1	2
2288	2288	1	2
2289	2289	1	2
2290	2290	1	2
2291	2291	1	2
2292	2292	1	2
2293	2293	1	2
2294	2294	1	2
2295	2295	1	2
2296	2296	1	2
2297	2297	1	2
2298	2298	1	2
2299	2299	1	2
2300	2300	1	2
2301	2301	1	2
2302	2302	1	2
2303	2303	1	2
2304	2304	1	2
2305	2305	1	2
2306	2306	1	2
2307	2307	1	2
2308	2308	1	2
2309	2309	1	2
2310	2310	1	2
2311	2311	1	2
2312	2312	1	2
2313	2313	1	2
2314	2314	1	2
2315	2315	1	2
2316	2316	1	2
2317	2317	1	2
2318	2318	1	2
2319	2319	1	2
2320	2320	1	2
2321	2321	1	2
2322	2322	1	2
2323	2323	1	2
2324	2324	1	2
2325	2325	1	2
2326	2326	1	2
2327	2327	1	2
2328	2328	1	2
2329	2329	1	2
2330	2330	1	2
2331	2331	1	2
2332	2332	1	1
2333	2333	1	1
2334	2334	1	1
2335	2335	1	1
2336	2336	1	1
2337	2337	1	1
2338	2338	1	1
2339	2339	1	1
2340	2340	1	1
2341	2341	1	1
2342	2342	1	1
2343	2343	1	1
2344	2344	1	1
2345	2345	1	1
2346	2346	1	1
2347	2347	1	1
2348	2348	1	1
2349	2349	1	1
2350	2350	1	1
2351	2351	1	1
2352	2352	1	1
2353	2353	1	1
2354	2354	1	1
2355	2355	1	1
2356	2356	1	1
2357	2357	1	1
2358	2358	1	1
2359	2359	1	1
2360	2360	1	1
2361	2361	1	1
2362	2362	1	1
2363	2363	1	1
2364	2364	1	1
2365	2365	1	1
2366	2366	1	1
2367	2367	1	1
2368	2368	1	1
2369	2369	1	1
2370	2370	1	1
2371	2371	1	1
2372	2372	1	1
2373	2373	1	1
2374	2374	1	1
2375	2375	1	1
2376	2376	1	1
2377	2377	1	1
2378	2378	1	1
2379	2379	1	1
2380	2380	1	1
2381	2381	1	1
2382	2382	1	1
2383	2383	1	1
2384	2384	1	1
2385	2385	1	1
2386	2386	1	1
2387	2387	1	1
2388	2388	1	1
2389	2389	1	1
2390	2390	1	1
2391	2391	1	2
2392	2392	1	2
2393	2393	1	2
2394	2394	1	2
2395	2395	1	2
2396	2396	1	2
2397	2397	1	2
2398	2398	1	2
2399	2399	1	2
2400	2400	1	2
2401	2401	1	2
2402	2402	1	2
2403	2403	1	2
2404	2404	1	2
2405	2405	1	2
2406	2406	1	2
2407	2407	1	2
2408	2408	1	2
2409	2409	1	2
2410	2410	1	2
2411	2411	1	2
2412	2412	1	2
2413	2413	1	2
2414	2414	1	2
2415	2415	1	2
2416	2416	1	2
2417	2417	1	2
2418	2418	1	2
2419	2419	1	2
2420	2420	1	2
2421	2421	1	2
2422	2422	1	2
2423	2423	1	1
2424	2424	1	1
2425	2425	1	1
2426	2426	1	1
2427	2427	1	1
2428	2428	1	1
2429	2429	1	1
2430	2430	1	1
2431	2431	1	1
2432	2432	1	1
2433	2433	1	1
2434	2434	1	1
2435	2435	1	1
2436	2436	1	1
2437	2437	1	1
2438	2438	1	1
2439	2439	1	1
2440	2440	1	1
2441	2441	1	1
2442	2442	1	1
2443	2443	1	1
2444	2444	1	1
2445	2445	1	1
2446	2446	1	1
2447	2447	1	1
2448	2448	1	1
2449	2449	1	1
2450	2450	1	1
2451	2451	1	1
2452	2452	1	1
2453	2453	1	1
2454	2454	1	1
2455	2455	1	1
2456	2456	1	1
2457	2457	1	1
2458	2458	1	1
2459	2459	1	1
2460	2460	1	1
2461	2461	1	1
2462	2462	1	1
2463	2463	1	1
2464	2464	1	1
2465	2465	1	1
2466	2466	1	1
2467	2467	1	1
2468	2468	1	1
2469	2469	1	1
2470	2470	1	1
2471	2471	1	1
2472	2472	1	1
2473	2473	1	1
2474	2474	1	1
2475	2475	1	1
2476	2476	1	1
2477	2477	1	1
2478	2478	1	1
2479	2479	1	1
2480	2480	1	1
2481	2481	1	2
2482	2482	1	2
2483	2483	1	2
2484	2484	1	2
2485	2485	1	2
2486	2486	1	2
2487	2487	1	2
2488	2488	1	2
2489	2489	1	2
2490	2490	1	2
2491	2491	1	2
2492	2492	1	2
2493	2493	1	2
2494	2494	1	2
2495	2495	1	2
2496	2496	1	2
2497	2497	1	2
2498	2498	1	2
2499	2499	1	2
2500	2500	1	2
2501	2501	1	2
2502	2502	1	2
2503	2503	1	2
2504	2504	1	2
2505	2505	1	2
2506	2506	1	2
2507	2507	1	2
2508	2508	1	2
2509	2509	1	2
2510	2510	1	2
2511	2511	1	2
2512	2512	1	2
2513	2513	1	2
2514	2514	1	2
2515	2515	1	2
2516	2516	1	2
2517	2517	1	2
2518	2518	1	2
2519	2519	1	2
2520	2520	1	2
2521	2521	1	2
2522	2522	1	2
2523	2523	1	2
2524	2524	1	1
2525	2525	1	1
2526	2526	1	1
2527	2527	1	1
2528	2528	1	1
2529	2529	1	1
2530	2530	1	1
2531	2531	1	1
2532	2532	1	1
2533	2533	1	1
2534	2534	1	1
2535	2535	1	1
2536	2536	1	1
2537	2537	1	1
2538	2538	1	1
2539	2539	1	1
2540	2540	1	1
2541	2541	1	1
2542	2542	1	1
2543	2543	1	1
2544	2544	1	1
2545	2545	1	1
2546	2546	1	1
2547	2547	1	1
2548	2548	1	1
2549	2549	1	1
2550	2550	1	1
2551	2551	1	1
2552	2552	1	1
2553	2553	1	1
2554	2554	1	1
2555	2555	1	1
2556	2556	1	1
2557	2557	1	1
2558	2558	1	1
2559	2559	1	1
2560	2560	1	1
2561	2561	1	1
2562	2562	1	1
2563	2563	1	1
2564	2564	1	1
2565	2565	1	1
2566	2566	1	1
2567	2567	1	1
2568	2568	1	1
2569	2569	1	1
2570	2570	1	2
2571	2571	1	2
2572	2572	1	2
2573	2573	1	2
2574	2574	1	2
2575	2575	1	2
2576	2576	1	2
2577	2577	1	2
2578	2578	1	2
2579	2579	1	2
2580	2580	1	2
2581	2581	1	2
2582	2582	1	2
2583	2583	1	2
2584	2584	1	2
2585	2585	1	2
2586	2586	1	2
2587	2587	1	2
2588	2588	1	2
2589	2589	1	2
2590	2590	1	2
2591	2591	1	2
2592	2592	1	2
2593	2593	1	2
2594	2594	1	2
2595	2595	1	2
2596	2596	1	2
2597	2597	1	2
2598	2598	1	2
2599	2599	1	1
2600	2600	1	1
2601	2601	1	1
2602	2602	1	1
2603	2603	1	1
2604	2604	1	1
2605	2605	1	1
2606	2606	1	1
2607	2607	1	1
2608	2608	1	1
2609	2609	1	1
2610	2610	1	1
2611	2611	1	1
2612	2612	1	1
2613	2613	1	1
2614	2614	1	1
2615	2615	1	1
2616	2616	1	1
2617	2617	1	2
2618	2618	1	2
2619	2619	1	2
2620	2620	1	2
2621	2621	1	2
2622	2622	1	2
2623	2623	1	2
2624	2624	1	2
2625	2625	1	2
2626	2626	1	2
2627	2627	1	2
2628	2628	1	2
2629	2629	1	2
2630	2630	1	2
2631	2631	1	2
2632	2632	1	2
2633	2633	1	2
2634	2634	1	2
2635	2635	1	2
2636	2636	1	2
2637	2637	1	2
2638	2638	1	2
2639	2639	1	2
2640	2640	1	2
2641	2641	1	2
2642	2642	1	2
2643	2643	1	2
2644	2644	1	2
2645	2645	1	2
2646	2646	1	2
2647	2647	1	2
2648	2648	1	2
2649	2649	1	2
2650	2650	1	2
2651	2651	1	2
2652	2652	1	2
2653	2653	1	2
2654	2654	1	2
2655	2655	1	2
2656	2656	1	2
2657	2657	1	2
2658	2658	1	1
2659	2659	1	1
2660	2660	1	1
2661	2661	1	1
2662	2662	1	1
2663	2663	1	1
2664	2664	1	1
2665	2665	1	1
2666	2666	1	1
2667	2667	1	1
2668	2668	1	1
2669	2669	1	11
2670	2670	1	11
2671	2671	1	11
2672	2672	1	11
2673	2673	1	11
2674	2674	1	11
2675	2675	1	11
2676	2676	1	11
2677	2677	1	11
2678	2678	1	11
2679	2679	1	11
2680	2680	1	11
2681	2681	1	11
2682	2682	1	11
2683	2683	1	11
2684	2684	1	11
2685	2685	1	11
2686	2686	1	11
2687	2687	1	11
2688	2688	1	11
2689	2689	1	11
2690	2690	1	11
2691	2691	1	11
2692	2692	1	11
2693	2693	1	11
2694	2694	1	11
2695	2695	1	11
2696	2696	1	11
2697	2697	1	11
2698	2698	1	11
2699	2699	1	11
2700	2700	1	11
2701	2701	1	11
2702	2702	1	11
2703	2703	1	11
2704	2704	1	11
2705	2705	1	11
2706	2706	1	11
2707	2707	1	11
2708	2708	1	11
2709	2709	1	11
2710	2710	1	11
2711	2711	1	11
2712	2712	1	11
2713	2713	1	11
2714	2714	1	11
2715	2715	1	11
2716	2716	1	11
2717	2717	1	11
2718	2718	1	11
2719	2719	1	11
2720	2720	1	11
2721	2721	1	11
2722	2722	1	11
2723	2723	1	11
2724	2724	1	11
2725	2725	1	11
2726	2726	1	11
2727	2727	1	11
2728	2728	1	11
2729	2729	1	11
2730	2730	1	11
2731	2731	1	11
2732	2732	1	11
2733	2733	1	11
2734	2734	1	11
2735	2735	1	11
2736	2736	1	11
2737	2737	1	11
2738	2738	1	11
2739	2739	1	11
2740	2740	1	11
2741	2741	1	11
2742	2742	1	11
2743	2743	1	11
2744	2744	1	11
2745	2745	1	11
2746	2746	1	11
2747	2747	1	11
2748	2748	1	11
2749	2749	1	11
2750	2750	1	11
2751	2751	1	11
2752	2752	1	11
2753	2753	1	11
2754	2754	1	8
2755	2755	1	8
2756	2756	1	8
2757	2757	1	8
2758	2758	1	8
2759	2759	1	8
2760	2760	1	8
2761	2761	1	8
2762	2762	1	8
2763	2763	1	8
2764	2764	1	8
2765	2765	1	8
2766	2766	1	8
2767	2767	1	8
2768	2768	1	8
2769	2769	1	8
2770	2770	1	8
2771	2771	1	8
2772	2772	1	8
2773	2773	1	8
2774	2774	1	8
2775	2775	1	8
2776	2776	1	8
2777	2777	1	8
2778	2778	1	8
2779	2779	1	8
2780	2780	1	8
2781	2781	1	8
2782	2782	1	8
2783	2783	1	8
2784	2784	1	8
2785	2785	1	8
2786	2786	1	8
2787	2787	1	8
2788	2788	1	8
2789	2789	1	8
2790	2790	1	8
2791	2791	1	8
2792	2792	1	8
2793	2793	1	8
2794	2794	1	8
2795	2795	1	8
2796	2796	1	8
2797	2797	1	8
2798	2798	1	8
2799	2799	1	8
2800	2800	1	8
2801	2801	1	8
2802	2802	1	8
2803	2803	1	8
2804	2804	1	8
2805	2805	1	8
2806	2806	1	8
2807	2807	1	8
2808	2808	1	8
2809	2809	1	8
2810	2810	1	8
2811	2811	1	8
2812	2812	1	8
2813	2813	1	8
2814	2814	1	8
2815	2815	1	8
2816	2816	1	8
2817	2817	1	8
2818	2818	1	8
2819	2819	1	8
2820	2820	1	8
2821	2821	1	8
2822	2822	1	8
2823	2823	1	8
2824	2824	1	8
2825	2825	1	8
2826	2826	1	8
2827	2827	1	8
2828	2828	1	8
2829	2829	1	8
2830	2830	1	8
2831	2831	1	8
2832	2832	1	8
2833	2833	1	8
2834	2834	1	8
2835	2835	1	8
2836	2836	1	8
2837	2837	1	8
2838	2838	1	8
2839	2839	1	8
2840	2840	1	8
2841	2841	1	8
2842	2842	1	8
2843	2843	1	8
2844	2844	1	8
2845	2845	1	8
2846	2846	1	8
2847	2847	1	8
2848	2848	1	8
2849	2849	1	8
2850	2850	1	8
2851	2851	1	8
2852	2852	1	8
2853	2853	1	8
2854	2854	1	8
2855	2855	1	8
2856	2856	1	8
2857	2857	1	8
2858	2858	1	8
2859	2859	1	8
2860	2860	1	8
2861	2861	1	8
2862	2862	1	8
2863	2863	1	8
2864	2864	1	8
2865	2865	1	8
2866	2866	1	8
2867	2867	1	8
2868	2868	1	8
2869	2869	1	8
2870	2870	1	8
2871	2871	1	8
2872	2872	1	8
2873	2873	1	8
2874	2874	1	8
2875	2875	1	8
2876	2876	1	8
2877	2877	1	8
2878	2878	1	8
2879	2879	1	8
2880	2880	1	8
2881	2881	1	8
2882	2882	1	8
2883	2883	1	8
2884	2884	1	8
2885	2885	1	8
2886	2886	1	8
2887	2887	1	8
2888	2888	1	8
2889	2889	1	8
2890	2890	1	8
2891	2891	1	8
2892	2892	1	8
2893	2893	1	8
2894	2894	1	8
2895	2895	1	8
2896	2896	1	8
2897	2897	1	8
2898	2898	1	8
2899	2899	1	8
2900	2900	1	8
2901	2901	1	8
2902	2902	1	8
2903	2903	1	8
2904	2904	1	8
2905	2905	1	8
2906	2906	1	8
2907	2907	1	8
2908	2908	1	8
2909	2909	1	8
2910	2910	1	8
2911	2911	1	8
2912	2912	1	8
2913	2913	1	8
2914	2914	1	8
2915	2915	1	8
2916	2916	1	8
2917	2917	1	8
2918	2918	1	8
2919	2919	1	8
2920	2920	1	8
2921	2921	1	8
2922	2922	1	8
2923	2923	1	8
2924	2924	1	8
2925	2925	1	8
2926	2926	1	8
2927	2927	1	8
2928	2928	1	8
2929	2929	1	8
2930	2930	1	8
2931	2931	1	8
2932	2932	1	8
2933	2933	1	8
2934	2934	1	8
2935	2935	1	8
2936	2936	1	8
2937	2937	1	10
2938	2938	1	10
2939	2939	1	10
2940	2940	1	10
2941	2941	1	10
2942	2942	1	10
2943	2943	1	10
2944	2944	1	10
2945	2945	1	10
2946	2946	1	10
2947	2947	1	10
2948	2948	1	10
2949	2949	1	10
2950	2950	1	8
2951	2951	1	8
2952	2952	1	8
2953	2953	1	8
2954	2954	1	8
2955	2955	1	8
2956	2956	1	8
2957	2957	1	8
2958	2958	1	8
2959	2959	1	8
2960	2960	1	8
2961	2961	1	8
2962	2962	1	8
2963	2963	1	8
2964	2964	1	8
2965	2965	1	8
2966	2966	1	8
2967	2967	1	10
2968	2968	1	10
2969	2969	1	10
2970	2970	1	10
2971	2971	1	10
2972	2972	1	10
2973	2973	1	10
2974	2974	1	10
2975	2975	1	10
2976	2976	1	10
2977	2977	1	10
2978	2978	1	10
2979	2979	1	10
2980	2980	1	10
2981	2981	1	10
2982	2982	1	10
2983	2983	1	10
2984	2984	1	10
2985	2985	1	10
2986	2986	1	10
2987	2987	1	10
2988	2988	1	10
2989	2989	1	10
2990	2990	1	8
2991	2991	1	8
2992	2992	1	8
2993	2993	1	8
2994	2994	1	8
2995	2995	1	8
2996	2996	1	8
2997	2997	1	8
2998	2998	1	10
2999	2999	1	10
3000	3000	1	10
3001	3001	1	10
3002	3002	1	10
3003	3003	1	10
3004	3004	1	10
3005	3005	1	10
3006	3006	1	10
3007	3007	1	10
3008	3008	1	10
3009	3009	1	10
3010	3010	1	10
3011	3011	1	10
3012	3012	1	10
3013	3013	1	10
3014	3014	1	8
3015	3015	1	8
3016	3016	1	10
3017	3017	1	10
3018	3018	1	10
3019	3019	1	10
3020	3020	1	10
3021	3021	1	10
3022	3022	1	10
3023	3023	1	10
3024	3024	1	10
3025	3025	1	10
3026	3026	1	10
3027	3027	1	10
3028	3028	1	10
3029	3029	1	10
3030	3030	1	10
3031	3031	1	10
3032	3032	1	10
3033	3033	1	10
3034	3034	1	10
3035	3035	1	10
3036	3036	1	10
3037	3037	1	10
3038	3038	1	10
3039	3039	1	10
3040	3040	1	10
3041	3041	1	10
3042	3042	1	10
3043	3043	1	10
3044	3044	1	10
3045	3045	1	10
3046	3046	1	10
3047	3047	1	10
3048	3048	1	10
3049	3049	1	10
3050	3050	1	10
3051	3051	1	10
3052	3052	1	10
3053	3053	1	10
3054	3054	1	10
3055	3055	1	10
3056	3056	1	10
3057	3057	1	10
3058	3058	1	10
3059	3059	1	10
3060	3060	1	10
3061	3061	1	10
3062	3062	1	10
3063	3063	1	10
3064	3064	1	10
3065	3065	1	10
3066	3066	1	10
3067	3067	1	10
3068	3068	1	10
3069	3069	1	10
3070	3070	1	10
3071	3071	1	10
3072	3072	1	10
3073	3073	1	10
3074	3074	1	10
3075	3075	1	10
3076	3076	1	10
3077	3077	1	10
3078	3078	1	8
3079	3079	1	8
3080	3080	1	8
3081	3081	1	8
3082	3082	1	8
3083	3083	1	8
3084	3084	1	8
3085	3085	1	8
3086	3086	1	8
3087	3087	1	8
3088	3088	1	8
3089	3089	1	8
3090	3090	1	8
3091	3091	1	8
3092	3092	1	8
3093	3093	1	8
3094	3094	1	8
3095	3095	1	8
3096	3096	1	8
3097	3097	1	8
3098	3098	1	8
3099	3099	1	8
3100	3100	1	8
3101	3101	1	8
3102	3102	1	8
3103	3103	1	8
3104	3104	1	8
3105	3105	1	8
3106	3106	1	8
3107	3107	1	8
3108	3108	1	8
3109	3109	1	8
3110	3110	1	8
3111	3111	1	8
3112	3112	1	8
3113	3113	1	8
3114	3114	1	8
3115	3115	1	8
3116	3116	1	8
3117	3117	1	8
3118	3118	1	8
3119	3119	1	8
3120	3120	1	8
3121	3121	1	8
3122	3122	1	8
3123	3123	1	8
3124	3124	1	8
3125	3125	1	8
3126	3126	1	8
3127	3127	1	8
3128	3128	1	8
3129	3129	1	8
3130	3130	1	8
3131	3131	1	8
3132	3132	1	8
3133	3133	1	10
3134	3134	1	10
3135	3135	1	10
3136	3136	1	10
3137	3137	1	10
3138	3138	1	10
3139	3139	1	10
3140	3140	1	10
3141	3141	1	10
3142	3142	1	10
3143	3143	1	10
3144	3144	1	10
3145	3145	1	10
3146	3146	1	10
3147	3147	1	10
3148	3148	1	10
3149	3149	1	10
3150	3150	1	10
3151	3151	1	10
3152	3152	1	10
3153	3153	1	10
3154	3154	1	10
3155	3155	1	10
3156	3156	1	10
3157	3157	1	10
3158	3158	1	10
3159	3159	1	10
3160	3160	1	10
3161	3161	1	10
3162	3162	1	10
3163	3163	1	10
3164	3164	1	10
3165	3165	1	10
3166	3166	1	10
3167	3167	1	10
3168	3168	1	10
3169	3169	1	10
3170	3170	1	10
3171	3171	1	10
3172	3172	1	10
3173	3173	1	10
3174	3174	1	10
3175	3175	1	10
3176	3176	1	10
3177	3177	1	8
3178	3178	1	8
3179	3179	1	8
3180	3180	1	8
3181	3181	1	8
3182	3182	1	8
3183	3183	1	8
3184	3184	1	8
3185	3185	1	8
3186	3186	1	8
3187	3187	1	8
3188	3188	1	8
3189	3189	1	8
3190	3190	1	8
3191	3191	1	8
3192	3192	1	8
3193	3193	1	8
3194	3194	1	8
3195	3195	1	8
3196	3196	1	8
3197	3197	1	8
3198	3198	1	8
3199	3199	1	8
3200	3200	1	8
3201	3201	1	8
3202	3202	1	8
3203	3203	1	8
3204	3204	1	8
3205	3205	1	8
3206	3206	1	8
3207	3207	1	8
3208	3208	1	8
3209	3209	1	8
3210	3210	1	8
3211	3211	1	8
3212	3212	1	8
3213	3213	1	8
3214	3214	1	10
3215	3215	1	10
3216	3216	1	10
3217	3217	1	10
3218	3218	1	10
3219	3219	1	10
3220	3220	1	10
3221	3221	1	10
3222	3222	1	10
3223	3223	1	10
3224	3224	1	10
3225	3225	1	10
3226	3226	1	10
3227	3227	1	10
3228	3228	1	10
3229	3229	1	10
3230	3230	1	10
3231	3231	1	10
3232	3232	1	10
3233	3233	1	10
3234	3234	1	10
3235	3235	1	10
3236	3236	1	10
3237	3237	1	10
3238	3238	1	10
3239	3239	1	10
3240	3240	1	10
3241	3241	1	10
3242	3242	1	10
3243	3243	1	10
3244	3244	1	10
3245	3245	1	10
3246	3246	1	10
3247	3247	1	10
3248	3248	1	8
3249	3249	1	8
3250	3250	1	8
3251	3251	1	8
3252	3252	1	8
3253	3253	1	8
3254	3254	1	8
3255	3255	1	8
3256	3256	1	8
3257	3257	1	8
3258	3258	1	8
3259	3259	1	8
3260	3260	1	8
3261	3261	1	8
3262	3262	1	10
3263	3263	1	8
3264	3264	1	8
3265	3265	1	8
3266	3266	1	8
3267	3267	1	8
3268	3268	1	8
3269	3269	1	8
3270	3270	1	10
3271	3271	1	10
3272	3272	1	10
3273	3273	1	10
3274	3274	1	8
3275	3275	1	10
3276	3276	1	8
3277	3277	1	8
3278	3278	1	10
3279	3279	1	10
3280	3280	1	10
3281	3281	1	10
3282	3282	1	10
3283	3283	1	10
3284	3284	1	10
3285	3285	1	10
3286	3286	1	10
3287	3287	1	10
3288	3288	1	10
3289	3289	1	10
3290	3290	1	10
3291	3291	1	10
3292	3292	1	10
3293	3293	1	10
3294	3294	1	10
3295	3295	1	10
3296	3296	1	10
3297	3297	1	10
3298	3298	1	10
3299	3299	1	10
3300	3300	1	10
3301	3301	1	10
3302	3302	1	10
3303	3303	1	10
3304	3304	1	10
3305	3305	1	10
3306	3306	1	10
3307	3307	1	10
3308	3308	1	10
3309	3309	1	10
3310	3310	1	10
3311	3311	1	10
3312	3312	1	10
3313	3313	1	10
3314	3314	1	10
3315	3315	1	10
3316	3316	1	10
3317	3317	1	10
3318	3318	1	10
3319	3319	1	10
3320	3320	1	10
3321	3321	1	10
3322	3322	1	10
3323	3323	1	8
3324	3324	1	8
3325	3325	1	8
3326	3326	1	8
3327	3327	1	8
3328	3328	1	8
3329	3329	1	10
3330	3330	1	10
3331	3331	1	10
3332	3332	1	10
3333	3333	1	10
3334	3334	1	10
3335	3335	1	10
3336	3336	1	10
3337	3337	1	10
3338	3338	1	10
3339	3339	1	10
3340	3340	1	10
3341	3341	1	10
3342	3342	1	10
3343	3343	1	10
3344	3344	1	10
3345	3345	1	10
3346	3346	1	10
3347	3347	1	10
3348	3348	1	10
3349	3349	1	10
3350	3350	1	10
3351	3351	1	10
3352	3352	1	10
3353	3353	1	10
3354	3354	1	10
3355	3355	1	10
3356	3356	1	10
3357	3357	1	10
3358	3358	1	10
3359	3359	1	10
3360	3360	1	10
3361	3361	1	10
3362	3362	1	10
3363	3363	1	10
3364	3364	1	10
3365	3365	1	10
3366	3366	1	10
3367	3367	1	10
3368	3368	1	8
3369	3369	1	8
3370	3370	1	8
3371	3371	1	10
3372	3372	1	10
3373	3373	1	10
3374	3374	1	10
3375	3375	1	10
3376	3376	1	10
3377	3377	1	10
3378	3378	1	10
3379	3379	1	10
3380	3380	1	10
3381	3381	1	10
3382	3382	1	10
3383	3383	1	10
3384	3384	1	10
3385	3385	1	10
3386	3386	1	10
3387	3387	1	8
3388	3388	1	8
3389	3389	1	8
3390	3390	1	8
3391	3391	1	8
3392	3392	1	10
3393	3393	1	8
3394	3394	1	10
3395	3395	1	10
3396	3396	1	10
3397	3397	1	10
3398	3398	1	10
3399	3399	1	10
3400	3400	1	10
3401	3401	1	8
3402	3402	1	10
3403	3403	1	8
3404	3404	1	8
3405	3405	1	10
3406	3406	1	10
3407	3407	1	10
3408	3408	1	10
3409	3409	1	10
3410	3410	1	10
3411	3411	1	10
3412	3412	1	10
3413	3413	1	10
3414	3414	1	10
3415	3415	1	10
3416	3416	1	10
3417	3417	1	10
3418	3418	1	10
3419	3419	1	10
3420	3420	1	10
3421	3421	1	10
3422	3422	1	10
3423	3423	1	10
3424	3424	1	10
3425	3425	1	10
3426	3426	1	10
3427	3427	1	10
3428	3428	1	10
3429	3429	1	10
3430	3430	1	10
3431	3431	1	10
3432	3432	1	10
3433	3433	1	10
3434	3434	1	10
3435	3435	1	10
3436	3436	1	10
3437	3437	1	10
3438	3438	1	10
3439	3439	1	10
3440	3440	1	10
3441	3441	1	10
3442	3442	1	10
3443	3443	1	10
3444	3444	1	10
3445	3445	1	10
3446	3446	1	10
3447	3447	1	10
3448	3448	1	10
3449	3449	1	10
3450	3450	1	10
3451	3451	1	10
3452	3452	1	10
3453	3453	1	10
3454	3454	1	10
3455	3455	1	10
3456	3456	1	10
3457	3457	1	10
3458	3458	1	10
3459	3459	1	10
3460	3460	1	10
3461	3461	1	10
3462	3462	1	10
3463	3463	1	10
3464	3464	1	10
3465	3465	1	10
3466	3466	1	10
3467	3467	1	9
3468	3468	1	9
3469	3469	1	9
3470	3470	1	9
3471	3471	1	9
3472	3472	1	9
3473	3473	1	9
3474	3474	1	9
3475	3475	1	9
3476	3476	1	9
3477	3477	1	9
3478	3478	1	9
3479	3479	1	9
3480	3480	1	9
3481	3481	1	9
3482	3482	1	9
3483	3483	1	9
3484	3484	1	9
3485	3485	1	9
3486	3486	1	9
3487	3487	1	9
3488	3488	1	9
3489	3489	1	9
3490	3490	1	9
3491	3491	1	9
3492	3492	1	9
3493	3493	1	9
3494	3494	1	9
3495	3495	1	9
3496	3496	1	9
3497	3497	1	9
3498	3498	1	9
3499	3499	1	9
3500	3500	1	9
3501	3501	1	9
3502	3502	1	9
3503	3503	1	9
3504	3504	1	9
3505	3505	1	9
3506	3506	1	9
3507	3507	1	9
3508	3508	1	9
3509	3509	1	9
3510	3510	1	9
3511	3511	1	9
3512	3512	1	9
3513	3513	1	9
3514	3514	1	9
3515	3515	1	9
3516	3516	1	9
3517	3517	1	9
3518	3518	1	9
3519	3519	1	9
3520	3520	1	9
3521	3521	1	9
3522	3522	1	9
3523	3523	1	9
3524	3524	1	9
3525	3525	1	9
3526	3526	1	9
3527	3527	1	9
3528	3528	1	9
3529	3529	1	9
3530	3530	1	9
3531	3531	1	9
3532	3532	1	9
3533	3533	1	9
3534	3534	1	9
3535	3535	1	9
3536	3536	1	9
3537	3537	1	9
3538	3538	1	9
3539	3539	1	9
3540	3540	1	9
3541	3541	1	9
3542	3542	1	9
3543	3543	1	9
3544	3544	1	9
3545	3545	1	9
3546	3546	1	9
3547	3547	1	9
3548	3548	1	9
3549	3549	1	9
3550	3550	1	9
3551	3551	1	9
3552	3552	1	9
3553	3553	1	9
3554	3554	1	9
3555	3555	1	9
3556	3556	1	9
3557	3557	1	9
3558	3558	1	9
3559	3559	1	9
3560	3560	1	9
3561	3561	1	9
3562	3562	1	9
3563	3563	1	9
3564	3564	1	9
3565	3565	1	9
3566	3566	1	9
3567	3567	1	9
3568	3568	1	9
3569	3569	1	9
3570	3570	1	9
3571	3571	1	9
3572	3572	1	9
3573	3573	1	9
3574	3574	1	9
3575	3575	1	9
3576	3576	1	9
3577	3577	1	9
3578	3578	1	9
3579	3579	1	9
3580	3580	1	9
3581	3581	1	9
3582	3582	1	9
3583	3583	1	9
3584	3584	1	9
3585	3585	1	9
3586	3586	1	9
3587	3587	1	9
3588	3588	1	9
3589	3589	1	9
3590	3590	1	9
3591	3591	1	9
3592	3592	1	9
3593	3593	1	9
3594	3594	1	9
3595	3595	1	9
3596	3596	1	9
3597	3597	1	9
3598	3598	1	9
3599	3599	1	9
3600	3600	1	9
3601	3601	1	9
3602	3602	1	9
3603	3603	1	9
3604	3604	1	9
3605	3605	1	9
3606	3606	1	9
3607	3607	1	9
3608	3608	1	9
3609	3609	1	9
3610	3610	1	9
3611	3611	1	9
3612	3612	1	9
3613	3613	1	9
3614	3614	1	9
3615	3615	1	9
3616	3616	1	9
3617	3617	1	9
3618	3618	1	9
3619	3619	1	9
3620	3620	1	9
3621	3621	1	9
3622	3622	1	9
3623	3623	1	9
3624	3624	1	9
3625	3625	1	9
3626	3626	1	9
3627	3627	1	9
3628	3628	1	9
3629	3629	1	9
3630	3630	1	9
3631	3631	1	9
3632	3632	1	9
3633	3633	1	9
3634	3634	1	9
3635	3635	1	9
3636	3636	1	9
3637	3637	1	9
3638	3638	1	9
3639	3639	1	9
3640	3640	1	9
3641	3641	1	9
3642	3642	1	9
3643	3643	1	9
3644	3644	1	9
3645	3645	1	9
3646	3646	1	9
3647	3647	1	9
3648	3648	1	9
3649	3649	1	9
3650	3650	1	9
3651	3651	1	9
3652	3652	1	9
3653	3653	1	9
3654	3654	1	9
3655	3655	1	9
3656	3656	1	9
3657	3657	1	9
3658	3658	1	9
3659	3659	1	9
3660	3660	1	9
3661	3661	1	9
3662	3662	1	9
3663	3663	1	9
3664	3664	1	9
3665	3665	1	9
3666	3666	1	9
3667	3667	1	9
3668	3668	1	9
3669	3669	1	9
3670	3670	1	9
3671	3671	1	9
3672	3672	1	9
3673	3673	1	9
3674	3674	1	9
3675	3675	1	9
3676	3676	1	9
3677	3677	1	9
3678	3678	1	9
3679	3679	1	9
3680	3680	1	9
3681	3681	1	9
3682	3682	1	9
3683	3683	1	9
3684	3684	1	9
3685	3685	1	9
3686	3686	1	9
3687	3687	1	9
3688	3688	1	9
3689	3689	1	9
3690	3690	1	9
3691	3691	1	9
3692	3692	1	9
3693	3693	1	9
3694	3694	1	9
3695	3695	1	9
3696	3696	1	9
3697	3697	1	9
3698	3698	1	9
3699	3699	1	9
3700	3700	1	9
3733	3701	0	0
3734	3702	0	0
3735	3703	0	0
3736	3704	0	0
3737	3705	0	0
3738	3706	0	0
3739	3707	0	0
3740	3708	0	0
3741	3709	0	0
3742	3710	0	0
3743	3711	0	0
3744	3712	0	0
3745	3713	0	0
3746	3714	0	0
3747	3715	0	0
3748	3716	0	0
3749	3717	0	0
3750	3718	0	0
3751	3719	0	0
3752	3720	0	0
3753	3721	0	0
3754	3722	0	0
3755	3723	0	0
3756	3724	0	0
3757	3725	0	0
3758	3726	0	0
3759	3727	0	0
3760	3728	0	0
3761	3729	0	0
3762	3730	0	0
3763	3731	0	0
3764	3732	0	0
3766	3733	0	0
3767	3734	0	0
3768	3735	0	0
3770	3736	0	0
3771	3737	0	0
3772	3738	0	0
3774	3739	0	0
3775	3740	0	0
3776	3741	0	0
3777	3742	0	0
3779	3743	0	0
3780	3744	0	0
3781	3745	0	0
3782	3746	0	0
3783	3747	0	0
3784	3748	0	0
3785	3749	0	0
3786	3750	0	0
3787	3751	0	0
3788	3752	0	0
3789	3753	0	0
3790	3754	0	0
3791	3755	0	0
3792	3756	0	0
3793	3757	0	0
3794	3758	0	0
3795	3759	0	0
3796	3760	0	0
3797	3761	0	0
3798	3762	0	0
3799	3763	0	0
3800	3764	0	0
3801	3765	0	0
3802	3766	0	0
3803	3767	0	0
3804	3768	0	0
3805	3769	0	0
3806	3770	0	0
3807	3771	0	0
3808	3772	0	0
3810	3773	0	0
3811	3774	0	0
3812	3775	0	0
3813	3776	0	0
3815	3777	0	0
3816	3778	0	0
3817	3779	0	0
3818	3780	0	0
3819	3781	0	0
3820	3782	0	0
3821	3783	0	0
3822	3784	0	0
3823	3785	0	0
3824	3786	0	0
3825	3787	0	0
3826	3788	0	0
3828	3789	0	0
3829	3790	0	0
3830	3791	0	0
3831	3792	0	0
3832	3793	0	0
3833	3794	0	0
3834	3795	0	0
3835	3796	0	0
3836	3797	0	0
3837	3798	0	0
3838	3799	0	0
3839	3800	0	0
3840	3801	0	0
3841	3802	0	0
3842	3803	0	0
3843	3804	0	0
3844	3805	0	0
3845	3806	0	0
3846	3807	0	0
3847	3808	0	0
3848	3809	0	0
3849	3810	0	0
3850	3811	0	0
3851	3812	0	0
3852	3813	0	0
3853	3814	0	0
3855	3815	0	0
3856	3816	0	0
3857	3817	0	0
3861	3818	0	0
3862	3819	0	0
3863	3820	0	0
3864	3821	0	0
3865	3822	0	0
3866	3823	0	0
3867	3824	0	0
3868	3825	0	0
3870	3826	0	0
3871	3827	0	0
3873	3828	0	0
3874	3829	0	0
3875	3830	0	0
3876	3831	0	0
3877	3832	0	0
3878	3833	0	0
3879	3834	0	0
3880	3835	0	0
3881	3836	0	0
3882	3837	0	0
3883	3838	0	0
3884	3839	0	0
3885	3840	0	0
3886	3841	0	0
3888	3842	0	0
3889	3843	0	0
3890	3844	0	0
3891	3845	0	0
3892	3846	0	0
3893	3847	0	0
3894	3848	0	0
3895	3849	0	0
3896	3850	0	0
3898	3851	0	0
3899	3852	0	0
3900	3853	0	0
3902	3854	0	0
3903	3855	0	0
3904	3856	0	0
3905	3857	0	0
3906	3858	0	0
3907	3859	0	0
3915	3860	0	0
3920	3861	0	0
3921	3862	0	0
3922	3863	0	0
3923	3864	0	0
3924	3865	0	0
3925	3866	0	0
3926	3867	0	0
3927	3868	0	0
3928	3869	0	0
3929	3870	0	0
3930	3871	0	0
3950	3872	0	0
3951	3873	0	0
3952	3874	0	0
3953	3875	0	0
3954	3876	0	0
3955	3877	0	0
3956	3878	0	0
3957	3879	0	0
3959	3880	0	0
3960	3881	0	0
3961	3882	0	0
3962	3883	0	0
3963	3884	0	0
3964	3885	0	0
3965	3886	0	0
3966	3887	0	0
