145421 183636 400 400 400 400 800 1000
199120 198991 400 400 400 400 800 1000
183637 145416 0 0 0 0 0 0
198985 199121 0 0 0 0 0 0 
45113 43122 1185 1185 1185 1780 4740 8295
43122 45113 1185 1875 2634 1780 4740 8295
81733 86547 1185 1185 1185 1780 4740 8295
86547 81733 1185 1875 2634 1780 4740 8295
186548 86603 1185 1185 1185 1780 4740 8295
86603 186548 1185 1875 2634 1780 4740 8295
106246 104527 915 915 915 1375 3660 6405
104527 106246 915 1445 2028 1375 3660 6405
106246 186103 1520 1965 2455 2280 6080 10640
104527 186103 1520 1965 2455 2280 6080 10640
139579 136674 1520 1965 2455 2280 6080 10640