136674 134639 1086 1378 1699 2365 5316 8898
134639 136674 0 0 0 0 0 0
104527 106246 721 721 721 1476 3316 5550
106246 104527 721 1077 1469 1476 3316 5550
86547 81733 929 1405 1918 1891 4251 7115
81733 86547 929 929 929 1891 4251 7115
106246 186103 1106 1400 1723 2408 5414 5550
186103 106246 0 0 0 0 0 0
104527 186103 1076 1370 1693 2343 5265 8816
186103 104527 0 0 0 0 0 0
43122 45113 968 1430 1938 1971 4429 7414
45113 43122 968 968 968 1971 4429 7414
96007 89923 966 1435 1943 1966 4420 7399
89923 96007 966 966 966 1966 4420 7399
76611 184102 164 164 164 164 328 492
78764 184158 164 164 164 164 328 492
145421 183636 400 400 400 400 800 1200
183637 145416 0 0 0 0 0 0
