c Exported Turn Penality File from ArcMap /Emme/2 Interface for Midday: 
t turns init
a 36919 36928 37388 0 0 0 0 
a 36928 36919 37388 0 0 0 0 
a 36945 36939 36383 0 0 0 0 
a 20363 20437 20463 0 0 0 0 
a 50437 50438 50899 0 0 0 0 
a 50438 50437 50297 0 0 0 0 
a 50455 50452 49957 0 0 0 0 
a 124934 124822 124208 0 0 0 0 
a 124818 124822 125015 0 0 0 0 
a 138213 138218 138316 0 0 0 0 
a 138218 138213 138081 0 0 0 0 
a 151499 151571 151769 0 0 0 0 
a 151737 151571 151769 0 0 0 0 
a 157040 157038 156419 0 0 0 0 
a 183923 183933 76748 0 0 0 0 
a 77236 77400 184058 0 0 0 0 
a 47150 47216 47057 0 0 0 0 
a 184017 184016 184012 0 0 0 0 
a 184016 184017 184137 0 0 0 0 
a 80279 183925 79293 0 0 0 0 
a 183925 80563 184013 0 0 0 0 
a 69153 69152 68645 0 0 0 0 
a 69152 69153 69237 0 0 0 0 
a 69148 69146 69092 0 0 0 0 
a 47216 47150 47359 0 0 0 0 
a 47503 47575 47361 0 0 0 0 
a 47575 47503 47622 0 0 0 0 
a 77400 77236 183904 0 0 0 0 
a 88545 88607 88626 0 0 0 0 
a 96716 96280 96611 0 0 0 0 
a 96611 96280 96716 0 0 0 0 
a 142307 184972 184287 0 0 0 0 
a 142312 184972 184289 0 0 0 0 
a 174410 174518 174385 0 0 0 0 
a 174259 174141 174255 0 0 0 0 
a 174141 174259 174437 0 0 0 0 
a 174518 174410 174179 0 0 0 0 
a 184135 184127 184128 0 0 0 0 
a 184123 184127 184136 0 0 0 0 
a 69146 69148 69596 0 0 0 0 
a 78099 184059 77633 0 0 0 0 
a 157045 157015 157707 0 0 0 0 
a 124943 125766 124934 0 0 0 0 
a 154474 153961 154420 0 0 0 0 
a 154374 154886 154402 0 0 0 0 
a 157038 157672 185135 0 0 0 0 
a 174518 174491 174410 0 0 0 0 
a 174141 174138 174259 0 0 0 0 
a 50455 50638 50452 0 0 0 0 
a 69153 69605 69152 0 0 0 0 
a 69146 68473 69148 0 0 0 0 
a 99589 99803 99453 0 0 0 0 
a 83958 83953 184238 0 0 0 0 
a 83953 83958 184835 0 0 0 0 
a 184243 83939 83808 0 0 0 0 
a 83932 184241 83939 0 0 0 0 
a 83953 184237 83958 0 0 0 0 
a 83939 184245 83932 0 0 0 0 
a 74980 75016 74986 0 0 0 0 
a 74847 74680 74785 0 0 0 0 
a 74567 74596 74661 0 0 0 0 
a 74567 74634 74661 0 0 0 0 
a 76908 76906 76439 0 0 0 0 
a 74980 74988 74986 0 0 0 0 
a 74986 75021 75088 0 0 0 0 
a 74661 74680 74654 0 0 0 0 
a 184038 78327 184046 0 0 0 0 
a 78327 184038 184046 0 0 0 0 
a 131167 131986 130346 0 0 0 0 
a 131152 130332 131657 0 0 0 0 
a 105631 105491 105803 0 0 0 0 
a 105631 105546 105420 0 0 0 0 
a 105308 105307 105168 0 0 0 0 
a 174410 174361 174518 0 0 0 0 
a 111709 111832 184914 0 0 0 0 
a 21715 21705 184559 0 0 0 0 
a 21492 198062 184559 0 0 0 0 
a 151920 151633 184831 0 0 0 0 
a 92772 92768 92659 0 0 0 0 
a 33029 32998 186084 0 0 0 0 
a 33253 33196 184566 0 0 0 0 
a 166510 166783 166618 0 0 0 0 
a 165148 165216 184612 0 0 0 0 
a 74968 74658 74847 0 0 0 0 
a 74661 74654 74567 0 0 0 0 
a 63017 185740 62846 0 0 0 0 
a 63017 184950 63216 0 0 0 0 
a 63031 184951 62675 0 0 0 0 
a 63031 185741 63350 0 0 0 0 
a 83958 184249 83953 0 0 0 0 
a 21715 21735 184559 0 0 0 0 
a 108897 108848 108796 0 0 0 0 
a 63181 63161 63100 0 0 0 0 
a 63161 63181 63253 0 0 0 0 
a 63018 62975 198249 0 0 0 0 
a 176366 176337 176246 0 0 0 0 
a 118519 118504 117633 0 0 0 0 
a 184562 184946 117633 0 0 0 0 
a 186054 186051 186029 0 0 0 0 
a 186029 186051 186054 0 0 0 0 
a 186028 186027 186050 0 0 0 0 
a 186048 186027 186050 0 0 0 0 
a 186054 186029 186053 0 0 0 0 
a 43497 186029 186053 0 0 0 0 
a 99610 99705 99727 0 0 0 0 
a 83932 83939 184250 0 0 0 0 
a 154263 154164 154462 0 0 0 0 
a 99945 99705 186914 0 0 0 0 
a 184851 50449 50605 0 0 0 0 
a 89417 89155 184191 0 0 0 0 
a 183822 36934 183823 0 0 0 0 
a 185135 157038 198197 0 0 0 0 
a 157015 157045 198194 0 0 0 0 
a 88088 87855 87577 0 0 0 0 
a 81015 184645 184985 0 0 0 0 
a 184342 184343 184427 0 0 0 0 
a 81530 81523 81538 0 0 0 0 
a 81530 81538 81523 0 0 0 0 
a 81324 81318 81328 0 0 0 0 
a 81324 81328 81318 0 0 0 0 
a 88088 87582 87577 0 0 0 0 
a 37540 198436 36945  0 0 0 0
a 198436 198400 198401  0 0 0 0
a 37540 198436 183822  0 0 0 0
a 198436 198400 198693  0 0 0 0
a 37388 36928 198574 0 0 0 0
a 198574 198573 198675 0 0 0 0
a 37388 36919 198574 0 0 0 0
a 198574 198790 198675 0 0 0 0
a 39415 198675 40252  0 0 0 0
a 186292 185701 198609 0 0 0 0
a 184505 198933 184205  0 0 0 0
a 103654 103192 198556 0 0 0 0
a 198556 198555 198559 0 0 0 0
a 105525 198559 105812  0 0 0 0
a 89688 198715 89069  0 0 0 0
a 102462 102425 198719 0 0 0 0
a 103306 198721 104404  0 0 0 0
a 54330 54252 198734 0 0 0 0
a 90173 186613 198421 0 0 0 0
a 92408 92544 198588 0 0 0 0
a 198588 198648 198838 0 0 0 0
a 184228 198838 184227  0 0 0 0
a 95079 95512 198453 0 0 0 0
a 184473 198839 184258  0 0 0 0
a 132590 198936 132046  0 0 0 0
a 184349 184540 198426 0 0 0 0
a 198426 198425 198554 0 0 0 0
a 49717 49042 198408 0 0 0 0
a 198408 198407 198672 0 0 0 0
a 49902 198672 50434  0 0 0 0
a 22497 198822 22555  0 0 0 0
a 186908 198641 186909  0 0 0 0
a 54891 54744 198580 0 0 0 0
a 114663 198862 115202  0 0 0 0
a 198862 198853 198969  0 0 0 0
a 184394 41828 198880 0 0 0 0
a 198880 198879 198807 0 0 0 0
a 58907 198796 186146  0 0 0 0
a 45470 46211 198680 0 0 0 0
a 198680 198679 198881 0 0 0 0
a 43681 198881 43505  0 0 0 0
a 43681 198881 184396  0 0 0 0
a 184397 184396 198808 0 0 0 0
a 45700 198537 46190  0 0 0 0
a 46778 46190 198410 0 0 0 0
a 198410 198409 198884 0 0 0 0
a 183527 198884 183526  0 0 0 0
a 99184 99763 198671 0 0 0 0
a 100886 199061 100083  0 0 0 0
a 57783 198909 58319  0 0 0 0
a 49469 49701 198515 0 0 0 0
a 183524 198882 183525  0 0 0 0
a 183524 198882 48870  0 0 0 0
a 124208 124934 198857 0 0 0 0
a 95363 93462 198668 0 0 0 0
a 184253 184254 198821 0 0 0 0
a 198821 198820 198978 0 0 0 0
a 85887 198978 85453  0 0 0 0
a 40131 39762 198982 0 0 0 0
a 100610 199103 100265  0 0 0 0
a 184627 184523 198932 0 0 0 0
a 87590 198989 184255  0 0 0 0
a 80358 183983 198833 0 0 0 0
a 185045 108727 198956 0 0 0 0
a 71272 198997 186143  0 0 0 0
a 185683 186907 198645 0 0 0 0
a 23080 198642 22801  0 0 0 0
a 72618 72163 198998 0 0 0 0
a 198998 198428 199022 0 0 0 0
a 184140 199022 184029  0 0 0 0
a 36366 198385 36919  0 0 0 0
a 183924 184146 198613 0 0 0 0
a 78961 199023 184393  0 0 0 0
a 36383 36945 198402 0 0 0 0
a 198402 198401 199066 0 0 0 0
a 31514 198957 31333  0 0 0 0
a 97531 98052 198520 0 0 0 0
a 198520 198789 199069 0 0 0 0
a 95823 199069 95512  0 0 0 0
a 183647 198972 183642  0 0 0 0
a 54055 54462 198404 0 0 0 0
a 198404 198403 199160 0 0 0 0
a 54773 54450 198406 0 0 0 0
a 198406 198405 199080 0 0 0 0
a 186289 186290 198608 0 0 0 0
a 140160 199206 139302  0 0 0 0
a 84048 198628 84776  0 0 0 0
a 84048 198628 185689  0 0 0 0
a 25996 198439 184332  0 0 0 0
a 125015 124818 198502 0 0 0 0
a 124634 198856 124818  0 0 0 0
a 184348 90942 198554 0 0 0 0
a 184348 92128 198554 0 0 0 0
a 91762 199130 184521  0 0 0 0
a 79293 80279 198416 0 0 0 0
a 198416 198415 198706 0 0 0 0
a 184144 198706 184149  0 0 0 0
a 99331 198670 99169  0 0 0 0
a 198670 199062 198780  0 0 0 0
a 47359 47216 198792 0 0 0 0
a 198792 198791 198412 0 0 0 0
a 54342 198579 54314  0 0 0 0
a 143933 143301 199244 0 0 0 0
a 151823 152005 199210 0 0 0 0
a 47361 47503 198414 0 0 0 0
a 198414 198413 199135 0 0 0 0
a 83422 184239 198424 0 0 0 0
a 198424 198423 199185 0 0 0 0
a 81571 199185 183937  0 0 0 0
a 185690 185689 198629 0 0 0 0
a 102228 102362 198717 0 0 0 0
a 101539 199189 100802  0 0 0 0
a 199189 198717 199059  0 0 0 0
a 152100 151478 199128 0 0 0 0
a 83919 83485 199096 0 0 0 0
a 84695 198713 84930  0 0 0 0
a 98737 199230 99444  0 0 0 0
a 186468 114167 199144 0 0 0 0
a 183804 114402 199197 0 0 0 0
a 114358 199231 114425  0 0 0 0
a 47057 47150 198412 0 0 0 0
a 198412 198411 199090 0 0 0 0
a 60978 199164 60567  0 0 0 0
a 60943 60387 198393 0 0 0 0
a 198393 198392 199119 0 0 0 0
a 62182 199119 62663  0 0 0 0
a 111832 199194 111709  0 0 0 0
a 183714 199143 183715  0 0 0 0
a 116266 199104 115798  0 0 0 0
a 118667 198687 118833  0 0 0 0
a 121652 199204 121847  0 0 0 0
a 64740 64208 198395 0 0 0 0
a 198395 198394 198627 0 0 0 0
a 67996 198627 68473  0 0 0 0
a 143108 199116 143314  0 0 0 0
a 152461 152382 198733 0 0 0 0
a 152463 199211 152378  0 0 0 0
a 100165 99300 199234 0 0 0 0
a 114041 199196 183710  0 0 0 0
a 147812 147907 198457 0 0 0 0
a 100613 100212 198353 0 0 0 0
a 184394 198880 184396  0 0 0 0
a 108291 198910 108686  0 0 0 0
a 107572 107517 198993 0 0 0 0
a 107480 199191 107517  0 0 0 0
a 101539 102228 199189 0 0 0 0
a 199189 198717 199059 0 0 0 0
a 187217 198653 187218  0 0 0 0
a 185691 198984 185689  0 0 0 0
a 40399 39680 198983 0 0 0 0
a 198983 199216 199232 0 0 0 0
a 41458 199232 41836  0 0 0 0
a 41458 199232 41831  0 0 0 0
a 114936 115009 198968 0 0 0 0
a 115027 114854 199109 0 0 0 0
a 114982 199242 114828  0 0 0 0
a 114982 199242 114926  0 0 0 0
a 95283 199178 94711  0 0 0 0
a 63693 198249 199072 0 0 0 0
a 199072 199071 198395 0 0 0 0
a 92215 199245 92929  0 0 0 0
a 185692 185689 198586 0 0 0 0
a 50297 50438 199042 0 0 0 0
a 56819 198697 56987  0 0 0 0
a 108904 198955 108727  0 0 0 0
a 109421 108686 198911 0 0 0 0
a 198911 198954 199100 0 0 0 0
a 123991 123644 199142 0 0 0 0
a 126970 198906 127493  0 0 0 0
a 22723 198643 185681  0 0 0 0
a 22709 22639 198644 0 0 0 0
a 111274 198356 111483  0 0 0 0
a 151834 151920 198357 0 0 0 0
a 151858 198358 151878  0 0 0 0
a 143285 142726 198363 0 0 0 0
a 143276 198364 143236  0 0 0 0
a 198364 198363 198865  0 0 0 0
a 62522 63100 198379 0 0 0 0
a 183635 198380 183634  0 0 0 0
a 47662 198384 47626  0 0 0 0
a 183832 198386 183867  0 0 0 0
a 39796 40267 198399 0 0 0 0
a 40308 40252 198658 0 0 0 0
a 94628 94213 198667 0 0 0 0
a 40066 39680 198673 0 0 0 0
a 152440 152378 198682 0 0 0 0
a 185054 198683 152503  0 0 0 0
a 29742 185685 198691 0 0 0 0
a 31128 198692 31326  0 0 0 0
a 21740 21370 198695 0 0 0 0
a 80202 198447 184013  0 0 0 0
a 111326 111671 198454 0 0 0 0
a 142215 142430 198461 0 0 0 0
a 140420 139609 198463 0 0 0 0
a 116348 198477 116011  0 0 0 0
a 117746 198479 117860  0 0 0 0
a 140676 141267 198480 0 0 0 0
a 56679 56762 198696 0 0 0 0
a 54880 198544 54610  0 0 0 0
a 184263 108653 198698 0 0 0 0
a 198698 199258 198699 0 0 0 0
a 106025 198699 105818  0 0 0 0
a 142792 143120 198700 0 0 0 0
a 138936 198701 138218  0 0 0 0
a 105522 105818 198702 0 0 0 0
a 198702 198836 198703 0 0 0 0
a 103725 198703 103092  0 0 0 0
a 59143 58403 198709 0 0 0 0
a 112626 111459 198782 0 0 0 0
a 198782 199193 198852 0 0 0 0
a 114243 198852 114655  0 0 0 0
a 114522 114768 198563 0 0 0 0
a 198563 198562 198891 0 0 0 0
a 112686 198891 111593  0 0 0 0
a 118035 117860 198855 0 0 0 0
a 132616 132038 198482 0 0 0 0
a 152474 152503 198484 0 0 0 0
a 152477 198485 152537  0 0 0 0
a 77407 184058 198489 0 0 0 0
a 184069 198490 184064  0 0 0 0
a 183904 77400 198491 0 0 0 0
a 198491 198810 198489 0 0 0 0
a 77998 78070 198492 0 0 0 0
a 41430 41855 198493 0 0 0 0
a 40480 198494 40285  0 0 0 0
a 63253 63161 198433 0 0 0 0
a 89135 199224 184299  0 0 0 0
a 89500 89037 199226 0 0 0 0
a 70645 71588 198974 0 0 0 0
a 198974 198895 199229 0 0 0 0
a 70434 199229 69605  0 0 0 0
a 184826 42176 198495 0 0 0 0
a 84829 198714 184591  0 0 0 0
a 102733 102786 198720 0 0 0 0
a 102460 198716 102362  0 0 0 0
a 148135 148181 198727 0 0 0 0
a 148088 198726 147907  0 0 0 0
a 151061 198729 151440  0 0 0 0
a 151138 198731 150566  0 0 0 0
a 59228 198737 58555  0 0 0 0
a 111589 198925 111729  0 0 0 0
a 47622 47575 199135 0 0 0 0
a 52019 199253 52329  0 0 0 0
a 184350 198575 184351  0 0 0 0
a 184350 198575 92128  0 0 0 0
a 80113 80114 198633 0 0 0 0
a 151783 199263 151571  0 0 0 0
a 184395 184396 198496 0 0 0 0
a 184827 198497 42176  0 0 0 0
a 143999 198506 143237  0 0 0 0
a 111824 111683 198510 0 0 0 0
a 198510 198797 198511 0 0 0 0
a 112091 111446 198781 0 0 0 0
a 31507 31326 198783 0 0 0 0
a 97133 198788 98628  0 0 0 0
a 58936 186147 198795 0 0 0 0
a 184469 143328 198801 0 0 0 0
a 43553 42944 198807 0 0 0 0
a 198807 198626 198808 0 0 0 0
a 27031 184330 198823 0 0 0 0
a 183746 198827 183747  0 0 0 0
a 109142 108619 198804 0 0 0 0
a 198804 198803 199192 0 0 0 0
a 184264 199192 184564  0 0 0 0
a 111370 111754 198926 0 0 0 0
a 186911 186912 199003 0 0 0 0
a 63719 198432 63257  0 0 0 0
a 26627 184825 198521 0 0 0 0
a 91725 184233 198524 0 0 0 0
a 184458 198525 92272  0 0 0 0
a 145214 198459 186290  0 0 0 0
a 124168 198536 124487  0 0 0 0
a 22006 21834 198538 0 0 0 0
a 92326 92681 198540 0 0 0 0
a 114076 186492 198561 0 0 0 0
a 186044 183634 198593 0 0 0 0
a 57205 199251 56762  0 0 0 0
a 80370 80423 198830 0 0 0 0
a 80459 198831 184645  0 0 0 0
a 80563 198446 183925  0 0 0 0
a 184352 184536 198840 0 0 0 0
a 95974 198841 96280  0 0 0 0
a 147601 198516 148194  0 0 0 0
a 114587 198853 114912  0 0 0 0
a 114675 115006 198854 0 0 0 0
a 114675 114828 198854 0 0 0 0
a 128071 127493 198858 0 0 0 0
a 131619 198859 132038  0 0 0 0
a 131272 132046 198863 0 0 0 0
a 128055 198864 127502  0 0 0 0
a 183711 198549 114199  0 0 0 0
a 184475 92227 198550 0 0 0 0
a 94516 198551 95342  0 0 0 0
a 92109 92272 198552 0 0 0 0
a 198552 199239 198553 0 0 0 0
a 184872 198553 184870  0 0 0 0
a 99727 99610 198557 0 0 0 0
a 198557 198994 198508 0 0 0 0
a 96448 198508 95977  0 0 0 0
a 114369 184270 198564 0 0 0 0
a 92417 198576 184354  0 0 0 0
a 131986 198578 131167  0 0 0 0
a 52723 52329 198581 0 0 0 0
a 198581 199220 198582 0 0 0 0
a 53641 198582 54244  0 0 0 0
a 80559 184012 198871 0 0 0 0
a 46750 198883 46211  0 0 0 0
a 184947 104671 198898 0 0 0 0
a 184271 198902 114692  0 0 0 0
a 84315 84812 198585 0 0 0 0
a 198585 198985 198586 0 0 0 0
a 185805 184204 198587 0 0 0 0
a 119657 119228 198606 0 0 0 0
a 120117 198607 120372  0 0 0 0
a 186494 114355 198614 0 0 0 0
a 85771 85522 198615 0 0 0 0
a 86593 198616 86970  0 0 0 0
a 87670 86970 198617 0 0 0 0
a 198617 198681 198421 0 0 0 0
a 90173 198421 91077  0 0 0 0
a 198421 198617 198422  0 0 0 0
a 91963 184209 198618 0 0 0 0
a 91843 198546 184528  0 0 0 0
a 118632 198905 118201  0 0 0 0
a 22496 185680 198907 0 0 0 0
a 22029 198908 21838  0 0 0 0
a 131657 131152 198922 0 0 0 0
a 106026 105812 198923 0 0 0 0
a 108032 198924 108451  0 0 0 0
a 91504 198620 92018  0 0 0 0
a 184142 80037 198623 0 0 0 0
a 72623 198624 72200  0 0 0 0
a 183927 186456 198630 0 0 0 0
a 82617 198631 184244  0 0 0 0
a 115202 114663 198969 0 0 0 0
a 198969 198862 199200 0 0 0 0
a 120787 120372 199126 0 0 0 0
a 143166 143303 198360 0 0 0 0
a 143398 199207 184721  0 0 0 0
a 139870 140989 198481 0 0 0 0
a 184280 199209 184281  0 0 0 0
a 151999 198730 151125  0 0 0 0
a 152494 152564 199125 0 0 0 0
a 152496 198361 152283  0 0 0 0
a 103035 103092 199190 0 0 0 0
a 98611 198669 98052  0 0 0 0
a 184267 198548 184268  0 0 0 0
a 184274 115128 199199 0 0 0 0
a 98432 97982 198940 0 0 0 0
a 102685 198941 103192  0 0 0 0
a 119700 198946 119352  0 0 0 0
a 186137 198975 186139  0 0 0 0
a 186138 186139 198976 0 0 0 0
a 31159 31333 198958 0 0 0 0
a 29730 198979 185685  0 0 0 0
a 62463 62675 198913 0 0 0 0
a 93710 93749 198420 0 0 0 0
a 198420 198419 199098 0 0 0 0
a 107078 199099 107541  0 0 0 0
a 120791 121032 198534 0 0 0 0
a 148119 148194 198935 0 0 0 0
a 148622 199123 148995  0 0 0 0
a 137561 183642 198382 0 0 0 0
a 137561 138081 198382 0 0 0 0
a 101536 101341 198965 0 0 0 0
a 198965 198964 198718 0 0 0 0
a 102222 198718 102293  0 0 0 0
a 95168 198452 95199  0 0 0 0
a 118939 119352 199205 0 0 0 0
a 136541 184282 199208 0 0 0 0
a 127116 127502 199233 0 0 0 0
a 124065 199133 123880  0 0 0 0
a 50899 50437 199236 0 0 0 0
a 54192 199237 54450  0 0 0 0
a 114692 184271 199238 0 0 0 0
a 47082 198674 47575  0 0 0 0
a 87670 198617 186613  0 0 0 0
a 121204 198533 121032  0 0 0 0
a 149725 149020 199124 0 0 0 0
a 150366 198728 151112  0 0 0 0
a 92417 92128 198576 0 0 0 0
a 98664 99300 198886 0 0 0 0
a 183823 183822 198694 0 0 0 0
a 198694 198693 198599 0 0 0 0
a 183866 198599 183867  0 0 0 0
a 115037 115437 199200 0 0 0 0
a 91976 184248 198939 0 0 0 0
a 184203 198589 184202  0 0 0 0
a 138316 138213 198942 0 0 0 0
a 183641 198381 183642  0 0 0 0
a 85583 198949 86034  0 0 0 0
a 101536 198965 102222  0 0 0 0
a 198965 198964 198718  0 0 0 0
a 184077 184143 198966 0 0 0 0
a 198966 199264 198967 0 0 0 0
a 185826 198967 185827  0 0 0 0
a 137586 198621 138198  0 0 0 0
a 114926 114982 198988 0 0 0 0
a 91716 91489 198991 0 0 0 0
a 184208 198938 184247  0 0 0 0
a 70353 69596 198995 0 0 0 0
a 71089 198996 71602  0 0 0 0
a 185687 185685 199083 0 0 0 0
a 185014 199246 184335  0 0 0 0
a 95797 95977 198509 0 0 0 0
a 93004 199134 92805  0 0 0 0
a 114906 199108 114847  0 0 0 0
a 186149 183642 198622 0 0 0 0
a 115246 115327 199243 0 0 0 0
a 115022 199250 115128  0 0 0 0
a 186906 186909 198999 0 0 0 0
a 184210 184252 199002 0 0 0 0
a 62381 198646 62882  0 0 0 0
a 68244 68645 199005 0 0 0 0
a 64668 199006 64220  0 0 0 0
a 117747 118201 199008 0 0 0 0
a 95852 95342 199067 0 0 0 0
a 97728 199068 97982  0 0 0 0
a 52010 187220 199091 0 0 0 0
a 115709 199105 115437  0 0 0 0
a 122186 121847 199106 0 0 0 0
a 123454 199107 123644  0 0 0 0
a 121845 184276 199110 0 0 0 0
a 138978 138673 199114 0 0 0 0
a 142726 198359 143285  0 0 0 0
a 186043 183634 198647 0 0 0 0
a 57322 57157 198598 0 0 0 0
a 198598 198597 199004 0 0 0 0
a 183632 199004 183634  0 0 0 0
a 184259 91969 198547 0 0 0 0
a 21702 199260 183742  0 0 0 0
a 141822 199248 141027  0 0 0 0
a 20592 20463 199249 0 0 0 0
a 21107 198826 21202  0 0 0 0
a 130346 131167 199115 0 0 0 0
a 125766 198501 124943  0 0 0 0
a 150272 150534 199117 0 0 0 0
a 149722 199118 148765  0 0 0 0
a 125216 124676 199121 0 0 0 0
a 130332 199122 131152  0 0 0 0
a 123553 123880 199131 0 0 0 0
a 184279 199132 184277  0 0 0 0
a 185170 198947 92128  0 0 0 0
a 57486 57764 199255 0 0 0 0
a 94048 199179 94083  0 0 0 0
a 28018 184334 199267 0 0 0 0
a 185686 199150 185685  0 0 0 0
a 109771 184265 199138 0 0 0 0
a 109033 199139 108762  0 0 0 0
a 115721 115631 199140 0 0 0 0
a 115721 115220 199140 0 0 0 0
a 54872 199077 54462  0 0 0 0
a 51481 198963 50998  0 0 0 0
