c Exported Turn Penality File from ArcMap /Emme/2 Interface for Night: 
t turns init
a 36919 36928 37388 0 0 0 0 
a 36928 36919 37388 0 0 0 0 
a 36945 36939 36383 0 0 0 0 
a 20363 20437 20463 0 0 0 0 
a 50437 50438 50899 0 0 0 0 
a 50438 50437 50297 0 0 0 0 
a 50455 50452 49957 0 0 0 0 
a 124934 124822 124208 0 0 0 0 
a 124818 124822 125015 0 0 0 0 
a 138213 138218 138316 0 0 0 0 
a 138218 138213 138081 0 0 0 0 
a 151499 151571 151769 0 0 0 0 
a 151737 151571 151769 0 0 0 0 
a 157040 157038 156419 0 0 0 0 
a 183923 183933 76748 0 0 0 0 
a 77236 77400 184058 0 0 0 0 
a 47150 47216 47057 0 0 0 0 
a 184017 184016 184012 0 0 0 0 
a 184016 184017 184137 0 0 0 0 
a 80279 183925 79293 0 0 0 0 
a 183925 80563 184013 0 0 0 0 
a 69153 69152 68645 0 0 0 0 
a 69152 69153 69237 0 0 0 0 
a 69148 69146 69092 0 0 0 0 
a 47216 47150 47359 0 0 0 0 
a 47503 47575 47361 0 0 0 0 
a 47575 47503 47622 0 0 0 0 
a 77400 77236 183904 0 0 0 0 
a 88545 88607 88626 0 0 0 0 
a 96716 96280 96611 0 0 0 0 
a 96611 96280 96716 0 0 0 0 
a 142307 184972 184287 0 0 0 0 
a 142312 184972 184289 0 0 0 0 
a 174410 174518 174385 0 0 0 0 
a 174259 174141 174255 0 0 0 0 
a 174141 174259 174437 0 0 0 0 
a 174518 174410 174179 0 0 0 0 
a 184135 184127 184128 0 0 0 0 
a 184123 184127 184136 0 0 0 0 
a 69146 69148 69596 0 0 0 0 
a 78099 184059 77633 0 0 0 0 
a 124943 125766 124934 0 0 0 0 
a 154474 153961 154420 0 0 0 0 
a 154374 154886 154402 0 0 0 0 
a 157038 157672 185135 0 0 0 0 
a 174518 174491 174410 0 0 0 0 
a 174141 174138 174259 0 0 0 0 
a 50455 50638 50452 0 0 0 0 
a 69153 69605 69152 0 0 0 0 
a 69146 68473 69148 0 0 0 0 
a 99589 99803 99453 0 0 0 0 
a 83958 83953 184238 0 0 0 0 
a 83953 83958 184835 0 0 0 0 
a 184243 83939 83808 0 0 0 0 
a 83953 184237 83958 0 0 0 0 
a 83939 184245 83932 0 0 0 0 
a 74980 75016 74986 0 0 0 0 
a 74847 74680 74785 0 0 0 0 
a 74567 74596 74661 0 0 0 0 
a 74567 74634 74661 0 0 0 0 
a 74980 74988 74986 0 0 0 0 
a 74986 75021 75088 0 0 0 0 
a 74661 74680 74654 0 0 0 0 
a 184038 78327 184046 0 0 0 0 
a 78327 184038 184046 0 0 0 0 
a 105631 105491 105803 0 0 0 0 
a 105631 105546 105420 0 0 0 0 
a 105308 105307 105168 0 0 0 0 
a 174410 174361 174518 0 0 0 0 
a 111709 111832 184914 0 0 0 0 
a 21715 21705 184559 0 0 0 0 
a 151920 151633 184831 0 0 0 0 
a 33029 32998 186084 0 0 0 0 
a 33253 33196 184566 0 0 0 0 
a 166510 166783 166618 0 0 0 0 
a 165148 165216 184612 0 0 0 0 
a 74968 74658 74847 0 0 0 0 
a 74661 74654 74567 0 0 0 0 
a 63017 185740 62846 0 0 0 0 
a 63017 184950 63216 0 0 0 0 
a 63031 184951 62675 0 0 0 0 
a 63031 185741 63350 0 0 0 0 
a 21715 21735 184559 0 0 0 0 
a 108897 108848 108796 0 0 0 0 
a 63181 63161 63100 0 0 0 0 
a 63161 63181 63253 0 0 0 0 
a 118519 118504 117633 0 0 0 0 
a 186054 186051 186029 0 0 0 0 
a 186029 186051 186054 0 0 0 0 
a 186028 186027 186050 0 0 0 0 
a 186048 186027 186050 0 0 0 0 
a 186054 186029 186053 0 0 0 0 
a 43497 186029 186053 0 0 0 0 
a 99610 99705 99727 0 0 0 0 
a 154263 154164 154462 0 0 0 0 
a 99945 99705 186914 0 0 0 0 
a 184851 50449 50605 0 0 0 0 
a 89417 89155 184191 0 0 0 0 
a 183822 36934 183823 0 0 0 0 
a 185135 157038 198197 0 0 0 0 
a 157015 157045 198194 0 0 0 0 
a 88088 87855 87577 0 0 0 0 
a 81015 184645 184985 0 0 0 0 
a 184342 184343 184427 0 0 0 0 
a 81530 81523 81538 0 0 0 0 
a 81530 81538 81523 0 0 0 0 
a 81324 81328 81318 0 0 0 0 
a 88088 87582 87577 0 0 0 0 
a 81324 81328 81530 0 0 0 0 
a 81324 81318 81099 0 0 0 0 
a 81324 81530 81318 0 0 0 0 
a 81099 81102 81324 0 0 0 0 
a 81099 80884 81102 0 0 0 0 
a 81530 81523 81324 0 0 0 0 
a 81530 81324 81538 0 0 0 0 
a 81858 81965 82078 0 0 0 0 
a 82027 81965 81783 0 0 0 0 
a 82601 82885 82884 0 0 0 0 
a 82601 82886 82885 0 0 0 0 
a 82601 82886 82884 0 0 0 0 
a 77978 78367 78326 0 0 0 0 
a 77110 76908 77114 0 0 0 0 
a 77110 77114 77555 0 0 0 0 
a 74980 74988 75016 0 0 0 0 
a 75249 75088 75075 0 0 0 0 
a 75249 75088 75016 0 0 0 0 
a 75249 75016 75075 0 0 0 0 
a 74446 74453 74725 0 0 0 0 
a 74446 74155 74453 0 0 0 0 
a 73157 72966 72967 0 0 0 0 
a 73215 73157 72973 0 0 0 0 
a 70238 70066 69883 0 0 0 0 
a 69901 69900 69817 0 0 0 0 
a 69407 69842 69817 0 0 0 0 
a 69224 69407 69220 0 0 0 0 
a 68348 68246 185384 0 0 0 0 
a 68348 185384 68363 0 0 0 0 
a 58318 58247 58423 0 0 0 0 
a 58318 58423 58621 0 0 0 0 
a 56258 56775 56767 0 0 0 0 
a 50177 49613 50037 0 0 0 0 
a 50037 50177 49923 0 0 0 0 
a 50082 49978 49712 0 0 0 0 
a 49712 50082 49834 0 0 0 0 
a 49834 49712 49978 0 0 0 0 
a 49978 49834 50082 0 0 0 0 
a 49923 50037 49615 0 0 0 0 
a 49488 49615 49613 0 0 0 0 
a 47141 46999 47404 0 0 0 0 
a 47141 47404 46999 0 0 0 0 
a 47141 47404 47429 0 0 0 0 
a 47141 46999 46858 0 0 0 0 
a 47141 47429 46999 0 0 0 0 
a 42713 42596 42537 0 0 0 0 
a 42713 42859 42596 0 0 0 0 
a 41559 41731 41447 0 0 0 0 
a 41559 41447 41451 0 0 0 0 
a 39258 39253 39089 0 0 0 0 
a 39258 39259 39390 0 0 0 0 
a 33699 33951 33943 0 0 0 0 
a 33622 33531 33569 0 0 0 0 
a 32998 33701 33029 0 0 0 0 
a 31515 31667 31539 0 0 0 0 
a 31515 31369 31667 0 0 0 0 
a 184555 184331 184329 0 0 0 0 
a 184331 184555 184330 0 0 0 0 
a 27467 184323 183835 0 0 0 0 
a 33029 33196 184405 0 0 0 0 
a 33196 184404 33029 0 0 0 0 
a 27848 27814 27370 0 0 0 0 
a 81530 81538 81858 0 0 0 0 
a 81530 81858 81523 0 0 0 0 
a 83157 83436 83426 0 0 0 0 
a 72059 72056 71281 0 0 0 0 
a 72059 71281 72055 0 0 0 0 
a 184831 151701 151920 0 0 0 0 
a 151939 151878 152005 0 0 0 0 
a 116011 116348 115965 0 0 0 0 
a 114768 114708 114522 0 0 0 0 
a 114708 186462 186463 0 0 0 0 
a 186463 186462 114708 0 0 0 0 
a 109321 108949 108727 0 0 0 0 
a 107723 108727 108013 0 0 0 0 
a 107517 107480 107515 0 0 0 0 
a 93703 93309 93408 0 0 0 0 
a 92018 91964 92023 0 0 0 0 
a 86400 86595 86834 0 0 0 0 
a 83738 84012 83538 0 0 0 0 
a 83679 83738 83538 0 0 0 0 
a 82384 82577 82941 0 0 0 0 
a 82384 82941 82577 0 0 0 0 
a 81808 81750 184576 0 0 0 0 
a 81750 184575 81808 0 0 0 0 
a 81808 184575 81750 0 0 0 0 
a 80691 80744 184572 0 0 0 0 
a 79805 184570 79338 0 0 0 0 
a 79803 184570 80691 0 0 0 0 
a 78582 78699 79371 0 0 0 0 
a 76379 76122 75978 0 0 0 0 
a 74362 74030 74012 0 0 0 0 
a 74362 74012 74030 0 0 0 0 
a 69824 69863 70369 0 0 0 0 
a 68240 68147 67553 0 0 0 0 
a 68240 68344 68932 0 0 0 0 
a 67220 67209 67342 0 0 0 0 
a 66451 65669 66452 0 0 0 0 
a 66452 66698 67152 0 0 0 0 
a 66452 66698 66729 0 0 0 0 
a 68932 68240 68755 0 0 0 0 
a 68932 68755 68240 0 0 0 0 
a 63917 64012 64021 0 0 0 0 
a 62846 62663 62816 0 0 0 0 
a 63216 63272 63338 0 0 0 0 
a 63350 63911 63028 0 0 0 0 
a 63031 184951 62907 0 0 0 0 
a 58555 59228 185614 0 0 0 0 
a 50450 50329 50452 0 0 0 0 
a 42871 42693 42944 0 0 0 0 
a 184396 43681 184397 0 0 0 0 
a 184396 184394 184395 0 0 0 0 
a 41836 41458 184849 0 0 0 0 
a 41851 41855 41905 0 0 0 0 
a 41855 41851 41430 0 0 0 0 
a 42176 184827 184826 0 0 0 0 
a 31326 185438 31520 0 0 0 0 
a 31326 31324 31520 0 0 0 0 
a 31326 31128 31520 0 0 0 0 
a 185685 29730 29742 0 0 0 0 
a 185685 185686 185687 0 0 0 0 
a 27135 26900 184324 0 0 0 0 
a 26654 26824 26753 0 0 0 0 
a 186909 186908 186906 0 0 0 0 
a 186907 186909 185683 0 0 0 0 
a 186907 22740 22801 0 0 0 0 
a 17453 17631 17515 0 0 0 0 
a 186442 184299 185707 0 0 0 0 
a 185707 185804 185710 0 0 0 0 
a 185707 185804 185706 0 0 0 0 
a 185706 185708 185709 0 0 0 0 
a 185706 185708 184447 0 0 0 0 
a 184447 185706 185800 0 0 0 0 
a 89432 185710 89322 0 0 0 0 
a 89432 185710 185708 0 0 0 0 
a 184447 185706 185804 0 0 0 0 
a 185707 185706 185710 0 0 0 0 
a 87932 87930 88056 0 0 0 0 
a 87932 87930 88414 0 0 0 0 
a 184299 89135 88570 0 0 0 0 
a 88815 88895 88705 0 0 0 0 
a 88705 88992 88815 0 0 0 0 
a 185809 184303 88992 0 0 0 0 
a 184303 184190 185806 0 0 0 0 
a 184192 184345 184195 0 0 0 0 
a 184192 184195 184345 0 0 0 0 
a 184342 184343 90781 0 0 0 0 
a 184195 184427 89536 0 0 0 0 
a 184342 90781 184427 0 0 0 0 
a 90586 89536 184196 0 0 0 0 
a 89536 90586 184412 0 0 0 0 
a 90586 89536 184196 0 0 0 0 
a 184202 184203 184204 0 0 0 0 
a 186912 184225 186911 0 0 0 0 
a 92128 184350 184348 0 0 0 0 
a 92128 185170 92417 0 0 0 0 
a 92417 92128 184357 0 0 0 0 
a 92772 93171 92768 0 0 0 0 
a 93171 92768 92772 0 0 0 0 
a 90768 91546 90942 0 0 0 0 
a 90768 184354 90942 0 0 0 0 
a 92348 92805 92491 0 0 0 0 
a 91912 92290 92207 0 0 0 0 
a 100427 100299 100360 0 0 0 0 
a 100299 100240 100427 0 0 0 0 
a 102495 101912 185632 0 0 0 0 
a 102028 101795 101863 0 0 0 0 
a 102028 101863 101912 0 0 0 0 
a 103788 103127 103329 0 0 0 0 
a 103478 185632 103866 0 0 0 0 
a 103478 185632 185601 0 0 0 0 
a 184929 108163 108153 0 0 0 0 
a 113944 114064 114038 0 0 0 0 
a 113639 184359 113701 0 0 0 0 
a 114567 114561 198239 0 0 0 0 
a 114748 114724 114593 0 0 0 0 
a 115003 114958 114980 0 0 0 0 
a 115006 115009 115220 0 0 0 0 
a 114912 114587 115006 0 0 0 0 
a 114838 114732 114807 0 0 0 0 
a 115128 115022 184273 0 0 0 0 
a 114732 114726 114755 0 0 0 0 
a 114732 184272 114726 0 0 0 0 
a 114777 114807 114726 0 0 0 0 
a 114732 114726 114838 0 0 0 0 
a 113860 113992 114027 0 0 0 0 
a 111729 111589 111754 0 0 0 0 
a 111633 111646 111683 0 0 0 0 
a 111646 111633 111683 0 0 0 0 
a 110718 109741 110639 0 0 0 0 
a 184564 184264 110718 0 0 0 0 
a 110718 110639 109741 0 0 0 0 
a 184565 110550 184265 0 0 0 0 
a 184266 110550 184265 0 0 0 0 
a 108651 108647 184261 0 0 0 0 
a 184261 108647 108653 0 0 0 0 
a 184261 108647 108651 0 0 0 0 
a 108587 108451 108550 0 0 0 0 
a 108587 108550 108619 0 0 0 0 
a 108550 108451 108587 0 0 0 0 
a 108550 108587 108619 0 0 0 0 
a 103092 103296 103035 0 0 0 0 
a 185689 84048 185692 0 0 0 0 
a 185111 83921 83460 0 0 0 0 
a 69152 69093 69153 0 0 0 0 
a 69148 69236 69146 0 0 0 0 
a 63181 63257 63100 0 0 0 0 
a 63214 63257 63194 0 0 0 0 
a 63008 63016 63053 0 0 0 0 
a 63016 63008 63053 0 0 0 0 
a 62943 62975 198249 0 0 0 0 
a 62943 62882 198249 0 0 0 0 
a 63018 62975 198249 0 0 0 0 
a 183634 183635 186043 0 0 0 0 
a 183634 183632 186044 0 0 0 0 
a 54244 53641 54344 0 0 0 0 
a 54244 54610 54344 0 0 0 0 
a 47575 47082 47622 0 0 0 0 
a 28073 27888 26529 0 0 0 0 
a 183923 183933 183919 0 0 0 0 
a 77616 77591 77444 0 0 0 0 
a 77633 184050 78099 0 0 0 0 
a 77221 77236 77112 0 0 0 0 
a 184013 80202 183925 0 0 0 0 
a 184647 71698 72127 0 0 0 0 
a 71589 184944 71751 0 0 0 0 
a 117860 117746 118035 0 0 0 0 
a 142313 142310 142137 0 0 0 0 
a 142310 142313 142137 0 0 0 0 
a 153441 183563 183566 0 0 0 0 
a 67553 67633 67605 0 0 0 0 
a 67553 67633 68147 0 0 0 0 
a 67262 67116 67268 0 0 0 0 
a 67116 66935 67268 0 0 0 0 
a 63891 62997 63698 0 0 0 0 
a 63891 63698 62997 0 0 0 0 
a 62997 62927 63891 0 0 0 0 
a 61508 61130 61214 0 0 0 0 
a 61135 61214 61130 0 0 0 0 
a 59558 59903 59575 0 0 0 0 
a 59558 59903 59897 0 0 0 0 
a 55277 55131 55097 0 0 0 0 
a 54807 54722 54346 0 0 0 0 
a 54807 54912 54722 0 0 0 0 
a 54117 53954 54134 0 0 0 0 
a 53986 53966 54014 0 0 0 0 
a 54090 54430 54052 0 0 0 0 
a 54090 54430 54084 0 0 0 0 
a 54090 54052 54132 0 0 0 0 
a 187225 187226 187227 0 0 0 0 
a 186036 186021 186020 0 0 0 0 
a 186030 186050 186031 0 0 0 0 
a 186027 186049 186048 0 0 0 0 
a 186048 186049 186027 0 0 0 0 
a 38227 37699 37888 0 0 0 0 
a 37252 37615 37518 0 0 0 0 
a 37252 37603 37615 0 0 0 0 
a 37661 37612 37663 0 0 0 0 
a 37661 37663 37699 0 0 0 0 
a 37675 37700 37671 0 0 0 0 
a 93124 93482 92832 0 0 0 0 
a 142638 142746 142552 0 0 0 0 
a 142436 142223 142434 0 0 0 0 
a 174259 174369 174141 0 0 0 0 
a 160267 159738 160208 0 0 0 0 
a 157015 198195 157045 0 0 0 0 
a 154374 154886 154043 0 0 0 0 
a 154474 153961 154838 0 0 0 0 
a 154420 154500 154474 0 0 0 0 
a 154402 154350 154374 0 0 0 0 
a 152398 152695 152851 0 0 0 0 
a 151920 151633 151834 0 0 0 0 
a 152070 151878 152005 0 0 0 0 
a 183642 183641 186149 0 0 0 0 
a 183642 183641 137561 0 0 0 0 
a 183642 183647 186149 0 0 0 0 
a 124818 124634 124822 0 0 0 0 
a 124544 124639 124401 0 0 0 0 
a 124544 124401 124227 0 0 0 0 
a 124132 124227 124312 0 0 0 0 
a 124227 124544 124401 0 0 0 0 
a 124639 124401 124544 0 0 0 0 
a 140580 140579 184365 0 0 0 0 
a 141286 141249 184372 0 0 0 0 
a 141230 141249 184372 0 0 0 0 
a 141230 141221 184372 0 0 0 0 
a 141157 141221 141230 0 0 0 0 
a 141230 141221 141157 0 0 0 0 
a 141626 142006 141847 0 0 0 0 
a 198216 198214 198217 0 0 0 0 
a 119349 119522 119272 0 0 0 0 
a 126607 126409 126562 0 0 0 0 
a 126607 126874 126609 0 0 0 0 
a 142771 142774 142770 0 0 0 0 
a 142771 142770 142774 0 0 0 0 
a 142771 142770 142739 0 0 0 0 
a 142771 142774 143115 0 0 0 0 
a 139426 139486 139425 0 0 0 0 
a 140582 140580 140382 0 0 0 0 
a 140582 140382 140580 0 0 0 0 
a 140582 140382 140585 0 0 0 0 
a 140582 140585 140382 0 0 0 0 
a 140580 140379 140582 0 0 0 0 
a 140580 140379 140579 0 0 0 0 
a 140580 140582 140379 0 0 0 0 
a 140580 140579 140379 0 0 0 0 
a 140580 184365 140379 0 0 0 0 
a 64107 63785 63732 0 0 0 0 
a 64107 63732 63785 0 0 0 0 
a 22913 23203 23279 0 0 0 0 
a 22913 22531 22570 0 0 0 0 
a 141889 142013 142077 0 0 0 0 
a 143340 142972 142973 0 0 0 0 
a 111524 111528 111706 0 0 0 0 
a 113742 113860 113394 0 0 0 0 
a 111485 111469 111193 0 0 0 0 
a 108320 108843 108442 0 0 0 0 
a 42010 41740 41828 0 0 0 0 
a 42010 41828 41740 0 0 0 0 
a 114912 114645 114611 0 0 0 0 
a 124296 124312 124317 0 0 0 0 
a 90870 184231 184232 0 0 0 0 
a 185111 184241 84066 0 0 0 0 
a 69556 70076 186820 0 0 0 0 
a 37670 37612 37667 0 0 0 0 
a 37675 37671 37603 0 0 0 0 
a 37671 37700 37675 0 0 0 0 
a 37671 37675 37603 0 0 0 0 
a 37670 37667 37699 0 0 0 0 
a 142646 142732 142650 0 0 0 0 
a 42010 42406 41828 0 0 0 0 
a 42010 41828 42406 0 0 0 0 
a 37888 37615 37745 0 0 0 0 
a 121032 121204 120791 0 0 0 0 
a 118980 118833 119130 0 0 0 0 
a 140942 141030 183437 0 0 0 0 
a 21492 198062 184559 0 0 0 0 
a 76908 76906 76439 0 0 0 0 
a 153989 154263 154211 0 0 0 0 
a 184562 184946 117633 0 0 0 0 
a 82577 184586 83948 0 0 0 0 
a 82577 83948 184586 0 0 0 0 
a 183642 183647 137561 0 0 0 0 
a 185111 184241 83932 0 0 0 0 
a 42693 42871 42944 0 0 0 0 
a 41831 41458 41828 0 0 0 0 
a 183822 37540 36930 0 0 0 0 
a 183822 37540 36934 0 0 0 0 
a 115006 114675 115220 0 0 0 0 
a 142638 142646 142746 0 0 0 0 
a 142436 142487 142223 0 0 0 0 
a 113742 113394 113593 0 0 0 0 
a 109021 109151 109509 0 0 0 0 
a 185809 184308 88992 0 0 0 0 
a 83958 184249 83953 0 0 0 0 
a 185111 83932 184250 0 0 0 0 
a 185689 185691 185690 0 0 0 0 
a 185111 184241 184250 0 0 0 0 
a 83958 184249 184238 0 0 0 0 
a 102462 102425 198607 0 0 0 0
a 103306 198609 104404  0 0 0 0
a 54330 54252 198644 0 0 0 0
a 184397 184396 198841 0 0 0 0
a 45700 199069 46190  0 0 0 0
a 46778 46190 198830 0 0 0 0
a 198830 198829 199072 0 0 0 0
a 183527 199072 183526  0 0 0 0
a 57783 199124 58319  0 0 0 0
a 49469 49701 199101 0 0 0 0
a 183524 199070 183525  0 0 0 0
a 183524 199070 48870  0 0 0 0
a 184627 184523 199166 0 0 0 0
a 87590 199274 184255  0 0 0 0
a 91504 199279 91964  0 0 0 0
a 72618 72163 199293 0 0 0 0
a 199293 198860 199339 0 0 0 0
a 184140 199339 184029  0 0 0 0
a 56819 199363 56987  0 0 0 0
a 58907 198807 186146  0 0 0 0
a 89135 198942 184299  0 0 0 0
a 183904 77400 198858 0 0 0 0
a 198858 198857 199051 0 0 0 0
a 45470 46211 198905 0 0 0 0
a 198905 198904 199068 0 0 0 0
a 43681 199068 43505  0 0 0 0
a 43681 199068 184396  0 0 0 0
a 99184 99763 198601 0 0 0 0
a 111824 111683 198809 0 0 0 0
a 198809 198808 198778 0 0 0 0
a 37540 198874 36945  0 0 0 0
a 198874 198817 198818  0 0 0 0
a 37540 198874 183822  0 0 0 0
a 198874 198817 199253  0 0 0 0
a 184505 199167 184205  0 0 0 0
a 95363 93462 198597 0 0 0 0
a 103654 103192 199164 0 0 0 0
a 199164 199163 199172 0 0 0 0
a 105525 199172 105812  0 0 0 0
a 132590 199173 132046  0 0 0 0
a 90173 186613 198849 0 0 0 0
a 147812 147907 198984 0 0 0 0
a 40131 39762 199262 0 0 0 0
a 80358 183983 198963 0 0 0 0
a 185045 108727 199204 0 0 0 0
a 22723 199224 185681  0 0 0 0
a 22709 22639 199225 0 0 0 0
a 26627 184825 198890 0 0 0 0
a 105522 105818 198974 0 0 0 0
a 198974 198973 199368 0 0 0 0
a 103725 199368 103296  0 0 0 0
a 97531 98052 198800 0 0 0 0
a 198800 198799 199371 0 0 0 0
a 95823 199371 95512  0 0 0 0
a 54891 54744 199213 0 0 0 0
a 183924 184146 199268 0 0 0 0
a 78961 199344 184091  0 0 0 0
a 79293 80279 198835 0 0 0 0
a 198835 198834 199347 0 0 0 0
a 184144 199347 184149  0 0 0 0
a 36383 36945 198819 0 0 0 0
a 198819 198818 199356 0 0 0 0
a 31514 199206 31333  0 0 0 0
a 21740 21370 199355 0 0 0 0
a 54055 54462 198825 0 0 0 0
a 198825 198824 199403 0 0 0 0
a 187217 199327 187218  0 0 0 0
a 54773 54450 198827 0 0 0 0
a 198827 198826 199407 0 0 0 0
a 102228 102362 198605 0 0 0 0
a 101539 199436 100802  0 0 0 0
a 199436 198605 198951  0 0 0 0
a 107078 199438 107541  0 0 0 0
a 89500 89037 198944 0 0 0 0
a 184394 41828 199067 0 0 0 0
a 199067 199066 198840 0 0 0 0
a 36366 198788 36919  0 0 0 0
a 186137 199246 186139  0 0 0 0
a 186138 186139 199247 0 0 0 0
a 184253 184254 198884 0 0 0 0
a 198884 198883 199251 0 0 0 0
a 85887 199251 85453  0 0 0 0
a 63253 63161 198865 0 0 0 0
a 124208 124934 199022 0 0 0 0
a 184349 184540 198853 0 0 0 0
a 198853 198852 199160 0 0 0 0
a 31159 31333 199207 0 0 0 0
a 29730 199252 185685  0 0 0 0
a 186908 199299 186909  0 0 0 0
a 47057 47150 198832 0 0 0 0
a 198832 198831 199395 0 0 0 0
a 114076 186492 199178 0 0 0 0
a 121652 199468 121847  0 0 0 0
a 121845 184276 199459 0 0 0 0
a 143166 143303 198619 0 0 0 0
a 143398 199476 184721  0 0 0 0
a 143108 199475 143314  0 0 0 0
a 116266 199451 115798  0 0 0 0
a 115709 199454 115437  0 0 0 0
a 108904 199203 108727  0 0 0 0
a 109421 108686 199126 0 0 0 0
a 199126 199202 199445 0 0 0 0
a 54342 199212 54314  0 0 0 0
a 101536 101341 199223 0 0 0 0
a 199223 199222 198606 0 0 0 0
a 102222 198606 102293  0 0 0 0
a 40399 39680 198909 0 0 0 0
a 198909 198908 199491 0 0 0 0
a 41458 199491 41836  0 0 0 0
a 41458 199491 41831  0 0 0 0
a 186044 183634 199231 0 0 0 0
a 57205 199492 56762  0 0 0 0
a 148119 148194 199170 0 0 0 0
a 148622 199500 148995  0 0 0 0
a 47082 198635 47575  0 0 0 0
a 115037 115437 199450 0 0 0 0
a 185690 185689 199380 0 0 0 0
a 152461 152382 198630 0 0 0 0
a 152463 199484 152378  0 0 0 0
a 100886 198953 100083  0 0 0 0
a 70645 71588 198956 0 0 0 0
a 198956 199096 198957 0 0 0 0
a 70434 198957 69605  0 0 0 0
a 62463 62675 199133 0 0 0 0
a 83422 184239 198851 0 0 0 0
a 198851 198848 199422 0 0 0 0
a 81571 199422 183937  0 0 0 0
a 93710 93749 198846 0 0 0 0
a 198846 198845 199423 0 0 0 0
a 99331 198600 99169  0 0 0 0
a 198600 198954 198772  0 0 0 0
a 151999 198627 151125  0 0 0 0
a 184267 199146 184268  0 0 0 0
a 186911 186912 199309 0 0 0 0
a 63693 198249 199374 0 0 0 0
a 199374 199373 198795 0 0 0 0
a 125015 124818 199084 0 0 0 0
a 124634 199021 124818  0 0 0 0
a 185692 185689 199227 0 0 0 0
a 50297 50438 198902 0 0 0 0
a 118667 199357 118833  0 0 0 0
a 120787 120372 199455 0 0 0 0
a 122186 121847 199460 0 0 0 0
a 123454 199461 123644  0 0 0 0
a 118939 119352 199467 0 0 0 0
a 138978 138673 199473 0 0 0 0
a 142726 198618 143285  0 0 0 0
a 130346 131167 199474 0 0 0 0
a 125766 199083 124943  0 0 0 0
a 136541 184282 199477 0 0 0 0
a 199477 199520 199025 0 0 0 0
a 150272 150534 199479 0 0 0 0
a 149722 199480 148765  0 0 0 0
a 95797 95977 199091 0 0 0 0
a 93004 199523 92805  0 0 0 0
a 111589 199150 111729  0 0 0 0
a 47361 47503 198636 0 0 0 0
a 198636 198833 199528 0 0 0 0
a 80370 80423 198960 0 0 0 0
a 80459 198961 184645  0 0 0 0
a 80202 198965 184013  0 0 0 0
a 80563 198964 183925  0 0 0 0
a 92408 92544 198976 0 0 0 0
a 198976 199313 198977 0 0 0 0
a 184228 198977 184227  0 0 0 0
a 111326 111671 198978 0 0 0 0
a 95079 95512 198980 0 0 0 0
a 184473 198981 184258  0 0 0 0
a 184352 184536 198982 0 0 0 0
a 95974 198983 96280  0 0 0 0
a 114663 199030 115202  0 0 0 0
a 199030 199016 199235  0 0 0 0
a 114906 199465 114817  0 0 0 0
a 115246 115327 199519 0 0 0 0
a 115022 199529 115128  0 0 0 0
a 186043 183634 199312 0 0 0 0
a 28018 184334 199489 0 0 0 0
a 185686 199384 185685  0 0 0 0
a 115027 114854 199466 0 0 0 0
a 114982 199539 114828  0 0 0 0
a 114982 199539 114926  0 0 0 0
a 115721 115631 199488 0 0 0 0
a 115721 115220 199488 0 0 0 0
a 149725 149020 199501 0 0 0 0
a 150366 198625 151112  0 0 0 0
a 100165 99300 199509 0 0 0 0
a 114041 199449 183710  0 0 0 0
a 142215 142430 198988 0 0 0 0
a 140420 139609 198990 0 0 0 0
a 147601 198992 148194  0 0 0 0
a 114587 199016 114912  0 0 0 0
a 114675 115006 199017 0 0 0 0
a 114675 114828 199017 0 0 0 0
a 128071 127493 199023 0 0 0 0
a 131619 199024 132038  0 0 0 0
a 116348 199028 116011  0 0 0 0
a 117746 199019 117860  0 0 0 0
a 140676 141267 199031 0 0 0 0
a 131272 132046 199033 0 0 0 0
a 128055 199034 127502  0 0 0 0
a 132616 132038 199035 0 0 0 0
a 152474 152503 199037 0 0 0 0
a 152477 199038 152537  0 0 0 0
a 77407 184058 199051 0 0 0 0
a 184069 199052 184064  0 0 0 0
a 77998 78070 199053 0 0 0 0
a 80559 184012 199054 0 0 0 0
a 98664 99300 199078 0 0 0 0
a 21702 199549 183742  0 0 0 0
a 184259 91969 199145 0 0 0 0
a 184350 199208 184351  0 0 0 0
a 184350 199208 92128  0 0 0 0
a 184394 199067 184396  0 0 0 0
a 92215 199429 92929  0 0 0 0
a 143933 143301 199521 0 0 0 0
a 152494 152564 199481 0 0 0 0
a 152496 198620 152283  0 0 0 0
a 152100 151478 199485 0 0 0 0
a 50899 50437 199486 0 0 0 0
a 54192 199487 54450  0 0 0 0
a 186468 114167 199497 0 0 0 0
a 125216 124676 199498 0 0 0 0
a 130332 199499 131152  0 0 0 0
a 184274 184273 199504 0 0 0 0
a 127116 127502 199505 0 0 0 0
a 124065 199506 123880  0 0 0 0
a 100610 199440 100265  0 0 0 0
a 41430 41855 199062 0 0 0 0
a 40480 198910 40285  0 0 0 0
a 184826 42176 199063 0 0 0 0
a 184395 184396 199064 0 0 0 0
a 184827 199065 42176  0 0 0 0
a 46750 199071 46211  0 0 0 0
a 112626 111459 198774 0 0 0 0
a 198774 199447 199015 0 0 0 0
a 114243 199015 114655  0 0 0 0
a 114522 114768 199018 0 0 0 0
a 199018 199179 199082 0 0 0 0
a 112686 199082 111593  0 0 0 0
a 118035 117860 199020 0 0 0 0
a 52723 52329 198929 0 0 0 0
a 198929 198928 199214 0 0 0 0
a 53641 199214 54244  0 0 0 0
a 143999 199088 198269  0 0 0 0
a 184947 104671 199103 0 0 0 0
a 184271 199109 198299  0 0 0 0
a 118632 199112 118201  0 0 0 0
a 111832 199446 111709  0 0 0 0
a 115202 114663 199235 0 0 0 0
a 199235 199030 199450 0 0 0 0
a 120791 121032 199128 0 0 0 0
a 139870 140989 199032 0 0 0 0
a 184280 199478 184282  0 0 0 0
a 186289 186290 199258 0 0 0 0
a 140160 199482 139302  0 0 0 0
a 151823 152005 199483 0 0 0 0
a 151783 199553 151571  0 0 0 0
a 109142 108619 198821 0 0 0 0
a 198821 198820 199443 0 0 0 0
a 184264 199443 184564  0 0 0 0
a 151834 151920 198616 0 0 0 0
a 151858 198617 151878  0 0 0 0
a 148135 148181 198624 0 0 0 0
a 148088 198622 147907  0 0 0 0
a 151061 198626 151440  0 0 0 0
a 151138 198628 150566  0 0 0 0
a 91725 184233 199113 0 0 0 0
a 184458 199114 92272  0 0 0 0
a 145214 198986 186290  0 0 0 0
a 22496 185680 199122 0 0 0 0
a 22029 199123 21838  0 0 0 0
a 124168 199130 124487  0 0 0 0
a 22006 21834 199131 0 0 0 0
a 92326 92681 199139 0 0 0 0
a 114936 115009 199234 0 0 0 0
a 84048 199379 185689  0 0 0 0
a 84048 199379 84776  0 0 0 0
a 83919 83485 199418 0 0 0 0
a 84695 198592 84930  0 0 0 0
a 98737 199496 99444  0 0 0 0
a 137561 183642 198785 0 0 0 0
a 137561 138081 198785 0 0 0 0
a 49717 49042 198631 0 0 0 0
a 198631 198828 198632 0 0 0 0
a 49902 198632 50434  0 0 0 0
a 40066 39680 198633 0 0 0 0
a 37388 36919 198637 0 0 0 0
a 198637 198801 198638 0 0 0 0
a 37388 36928 198637 0 0 0 0
a 198637 199205 198638 0 0 0 0
a 39415 198638 40252  0 0 0 0
a 143285 142726 198639 0 0 0 0
a 143276 198640 143236  0 0 0 0
a 198640 198639 198641  0 0 0 0
a 59228 198647 58555  0 0 0 0
a 112091 111446 198773 0 0 0 0
a 31507 31326 198775 0 0 0 0
a 131657 131152 199143 0 0 0 0
a 183711 199147 186493  0 0 0 0
a 106026 105812 199148 0 0 0 0
a 108032 199149 108451  0 0 0 0
a 184475 92227 199156 0 0 0 0
a 94516 199157 95342  0 0 0 0
a 92109 92272 199158 0 0 0 0
a 199158 199518 199159 0 0 0 0
a 184872 199159 184870  0 0 0 0
a 99727 99610 199168 0 0 0 0
a 199168 199287 199090 0 0 0 0
a 96448 199090 95977  0 0 0 0
a 98432 97982 199180 0 0 0 0
a 102685 199181 103192  0 0 0 0
a 114369 184270 199182 0 0 0 0
a 119700 199189 119352  0 0 0 0
a 85583 199192 86034  0 0 0 0
a 92417 199209 184357  0 0 0 0
a 131986 199211 131167  0 0 0 0
a 62522 63100 198780 0 0 0 0
a 183635 198781 183634  0 0 0 0
a 97133 198783 98628  0 0 0 0
a 47662 198787 47626  0 0 0 0
a 183832 198789 183867  0 0 0 0
a 58936 186147 198806 0 0 0 0
a 184469 143328 198814 0 0 0 0
a 39796 40267 198816 0 0 0 0
a 43553 42944 198840 0 0 0 0
a 198840 199286 198841 0 0 0 0
a 22497 198888 22555  0 0 0 0
a 27031 184330 198889 0 0 0 0
a 185691 199381 185689  0 0 0 0
a 60943 60387 198793 0 0 0 0
a 198793 198792 199494 0 0 0 0
a 62182 199494 62663  0 0 0 0
a 184203 199229 184202  0 0 0 0
a 91976 184248 199176 0 0 0 0
a 138316 138213 199185 0 0 0 0
a 183641 198784 183642  0 0 0 0
a 25996 198885 184332  0 0 0 0
a 184348 90942 199160 0 0 0 0
a 184348 92128 199160 0 0 0 0
a 91762 199515 184521  0 0 0 0
a 101536 199223 102222  0 0 0 0
a 199223 199222 198606  0 0 0 0
a 84315 84812 199226 0 0 0 0
a 199226 199382 199227 0 0 0 0
a 185805 184204 199228 0 0 0 0
a 184077 184143 199232 0 0 0 0
a 199232 199493 199233 0 0 0 0
a 185826 199233 185827  0 0 0 0
a 137586 199240 138198  0 0 0 0
a 119657 119228 199254 0 0 0 0
a 120117 199255 120372  0 0 0 0
a 63719 198864 63257  0 0 0 0
a 186494 114355 199269 0 0 0 0
a 114926 114982 199270 0 0 0 0
a 186292 185701 199259 0 0 0 0
a 64740 64208 198795 0 0 0 0
a 198795 198794 199289 0 0 0 0
a 67996 199289 68473  0 0 0 0
a 71272 199292 186143  0 0 0 0
a 183823 183822 199361 0 0 0 0
a 199361 199253 199245 0 0 0 0
a 183866 199245 183867  0 0 0 0
a 85771 85522 199271 0 0 0 0
a 86593 199272 86970  0 0 0 0
a 87670 86970 199273 0 0 0 0
a 199273 199346 198849 0 0 0 0
a 90173 198849 91077  0 0 0 0
a 198849 199273 198850  0 0 0 0
a 91716 91489 199276 0 0 0 0
a 184208 199175 184247  0 0 0 0
a 91963 184209 199277 0 0 0 0
a 91843 199144 184528  0 0 0 0
a 184142 80037 199283 0 0 0 0
a 72623 199284 72200  0 0 0 0
a 70353 69596 199290 0 0 0 0
a 71089 199291 71602  0 0 0 0
a 183927 186456 199294 0 0 0 0
a 82617 199295 184244  0 0 0 0
a 186906 186909 199296 0 0 0 0
a 185683 186907 199298 0 0 0 0
a 23080 199300 22801  0 0 0 0
a 184210 184252 199308 0 0 0 0
a 62381 199311 62882  0 0 0 0
a 68244 68645 199315 0 0 0 0
a 64668 199282 64220  0 0 0 0
a 117747 118201 199316 0 0 0 0
a 152440 152378 199349 0 0 0 0
a 185054 199350 152503  0 0 0 0
a 29742 185685 199360 0 0 0 0
a 31128 199215 31326  0 0 0 0
a 56679 56762 199362 0 0 0 0
a 54880 199142 54610  0 0 0 0
a 184263 108653 199364 0 0 0 0
a 199364 199546 199365 0 0 0 0
a 106025 199365 105818  0 0 0 0
a 142792 198264 199367 0 0 0 0
a 138936 199184 138218  0 0 0 0
a 95852 95342 199369 0 0 0 0
a 97728 199370 97982  0 0 0 0
a 52010 187220 199399 0 0 0 0
a 51481 199221 50998  0 0 0 0
a 54872 199405 54462  0 0 0 0
a 60978 199413 60567  0 0 0 0
a 101539 102228 199436 0 0 0 0
a 199436 198605 198951 0 0 0 0
a 103035 103092 199437 0 0 0 0
a 98611 198598 98052  0 0 0 0
a 108291 199125 108686  0 0 0 0
a 107572 107517 199280 0 0 0 0
a 107480 199439 107517  0 0 0 0
a 87670 199273 186613  0 0 0 0
a 186149 183642 199281 0 0 0 0
a 183804 114402 199503 0 0 0 0
a 114358 199532 114425  0 0 0 0
a 95283 199508 94711  0 0 0 0
a 123553 123880 199512 0 0 0 0
a 184279 199458 184278  0 0 0 0
a 185170 199190 92128  0 0 0 0
a 141822 199502 141027  0 0 0 0
a 20592 20463 199525 0 0 0 0
a 21107 199526 21202  0 0 0 0
a 109771 184265 199536 0 0 0 0
a 109033 199537 108647  0 0 0 0
a 123991 123644 199540 0 0 0 0
a 126970 199116 127493  0 0 0 0
a 114692 198299 199541 0 0 0 0
a 57486 57764 199544 0 0 0 0
a 94048 199427 94083  0 0 0 0
a 121204 199127 121032  0 0 0 0
a 185687 185685 199387 0 0 0 0
a 185014 199535 184335  0 0 0 0
a 47622 47575 199528 0 0 0 0
a 47622 47435 199528 0 0 0 0
a 52019 199527 52329  0 0 0 0
a 57322 57157 199244 0 0 0 0
a 199244 199243 199310 0 0 0 0
a 183632 199310 183634  0 0 0 0
a 183647 199239 183642  0 0 0 0
a 92417 92128 199209 0 0 0 0
a 111370 111754 199151 0 0 0 0
a 47359 47216 198803 0 0 0 0
a 198803 198802 198832 0 0 0 0
a 80113 80114 199542 0 0 0 0
a 40308 40252 198634 0 0 0 0
a 59143 58403 198580 0 0 0 0
a 84829 198593 184591  0 0 0 0
a 89688 198595 89069  0 0 0 0
a 94628 94213 198596 0 0 0 0
a 100613 100212 198602 0 0 0 0
a 102733 102786 198608 0 0 0 0
a 102460 198604 102362  0 0 0 0
a 111274 198613 111483  0 0 0 0
